199201 -0.59
199202 1.09
199203 -2.65
199204 1.08
199205 0.3
199206 -2.34
199207 3.77
199208 -2.38
199209 1.19
199210 1.02
199211 4.13
199212 1.53
199301 0.93
199302 0.13
199303 2.3
199304 -3.05
199305 2.88
199306 0.31
199307 -0.34
199308 3.72
199309 -0.12
199310 1.41
199311 -1.89
199312 1.65
199401 2.87
199402 -2.56
199403 -4.78
199404 0.68
199405 0.58
199406 -3.03
199407 2.82
199408 4.01
199409 -2.31
199410 1.34
199411 -4.04
199412 0.86
199501 1.8
199502 3.63
199503 2.18
199504 2.11
199505 2.9
199506 2.72
199507 3.72
199508 0.55
199509 3.35
199510 -1.52
199511 3.95
199512 1.03
199601 2.26
199602 1.33
199603 0.73
199604 2.06
199605 2.36
199606 -1.14
199607 -5.97
199608 2.76
199609 5.02
199610 0.86
199611 6.25
199612 -1.7
199701 4.99
199702 -0.49
199703 -5.03
199704 4.04
199705 6.74
199706 4.1
199707 7.33
199708 -4.15
199709 5.35
199710 -3.8
199711 2.98
199712 1.32
199801 0.15
199802 7.03
199803 4.76
199804 0.73
199805 -3.07
199806 3.18
199807 -2.46
199808 -16.08
199809 6.15
199810 7.13
199811 6.1
199812 6.16
199901 3.5
199902 -4.08
199903 3.45
199904 4.33
199905 -2.46
199906 4.77
199907 -3.47
199908 -1.38
199909 -2.81
199910 6.13
199911 3.37
199912 7.72
200001 -4.74
200002 2.45
200003 5.2
200004 -6.4
200005 -4.42
200006 4.64
200007 -2.51
200008 7.03
200009 -5.45
200010 -2.76
200011 -10.72
200012 1.19
200101 3.13
200102 -10.05
200103 -7.26
200104 7.94
200105 0.72
200106 -1.94
200107 -2.13
200108 -6.46
200109 -9.25
200110 2.46
200111 7.54
200112 1.61
200201 -1.44
200202 -2.29
200203 4.24
200204 -5.2
200205 -1.38
200206 -7.21
200207 -8.18
200208 0.5
200209 -10.35
200210 7.84
200211 5.96
200212 -5.76
200301 -2.57
200302 -1.88
200303 1.09
200304 8.22
200305 6.05
200306 1.42
200307 2.35
200308 2.34
200309 -1.24
200310 6.08
200311 1.35
200312 4.29
200401 2.15
200402 1.4
200403 -1.32
200404 -1.83
200405 1.17
200406 1.86
200407 -4.06
200408 0.08
200409 1.6
200410 1.43
200411 4.54
200412 3.43
200501 -2.76
200502 1.89
200503 -1.97
200504 -2.61
200505 3.65
200506 0.57
200507 3.92
200508 -1.22
200509 0.49
200510 -2.02
200511 3.61
200512 -0.25
200601 3.04
200602 -0.3
200603 1.46
200604 0.73
200605 -3.57
200606 -0.35
200607 -0.78
200608 2.03
200609 1.84
200610 3.23
200611 1.71
200612 0.87
200701 1.4
200702 -1.96
200703 0.68
200704 3.49
200705 3.24
200706 -1.96
200707 -3.73
200708 0.92
200709 3.22
200710 1.8
200711 -4.83
200712 -0.87
200801 -6.36
200802 -3.09
200803 -0.93
200804 4.6
200805 1.86
200806 -8.44
200807 -0.77
200808 1.53
200809 -9.24
200810 -17.23
200811 -7.86
200812 1.74
200901 -8.12
200902 -10.1
200903 8.95
200904 10.19
200905 5.21
200906 0.43
200907 7.72
200908 3.33
200909 4.08
200910 -2.59
200911 5.56
200912 2.75
201001 -3.36
201002 3.4
201003 6.31
201004 2
201005 -7.89
201006 -5.56
201007 6.93
201008 -4.77
201009 9.54
201010 3.88
201011 0.6
201012 6.82
201101 1.99
201102 3.49
201103 0.45
201104 2.9
201105 -1.27
201106 -1.75
201107 -2.36
201108 -5.99
201109 -7.59
201110 11.35
201111 -0.28
201112 0.74
201201 5.05
201202 4.42
201203 3.11
201204 -0.85
201205 -6.19
201206 3.89
201207 0.79
201208 2.55
201209 2.73
201210 -1.76
201211 0.78
201212 1.18
201301 5.57
201302 1.29
201303 4.03
201304 1.56
201305 2.8
201306 -1.2
201307 5.65
201308 -2.71
201309 3.77
201310 4.18
201311 3.12
201312 2.81
201401 -3.32
201402 4.65
201403 0.43
201404 -0.19
201405 2.06
201406 2.61
201407 -2.04
201408 4.23
201409 -1.97
201410 2.52
201411 2.55
201412 -0.06