199201 14.56 15.98 8.59 14.2 16.38 8.2 4.74 6.22 7.3 9.88 1.55 4.48 4.97 5.71 9.3 -0.05 2.28 0.97 0.57 6.29 -3.19 -2.07 -2.5 0.24 6.43 -5.37 -3.06 -4.91 11.66 2.53 7.62 3.39 -5.55 1.04 10.09 4.61 3.22 4.81 -0.84 10.65 4.03 9.39 -9.37 -4.13 -4.58 -2.62 3.68 7.19 1.26 -1.21 -1.75 -0.28 10.53 0.85 2.67
199202 -0.12 5.73 2.79 4.9 9.96 0.44 2.69 1.74 4.65 5.92 0.24 2.1 3.87 2.84 8.34 -0.5 3.01 2.81 2.24 4.9 0.2 -0.46 1.92 4.24 10.86 -0.75 1.5 0.35 10.42 5.65 -1.46 2.13 -2.59 2.8 8.33 1.11 7.01 4.6 3.2 14.32 -3.19 0.43 6.65 -0.56 -1.23 -1.21 2.9 4.43 2.47 5.08 3.17 2.91 -0.25 2.97 0.39
199203 -6.7 -5.55 -2.45 0.42 -1.25 -8.51 -2.01 -1.74 -0.4 -1.09 -5.24 -2.25 -0.29 0.03 -1.56 -5.79 -1.06 -2.65 -0.91 -2.29 -2.83 -1.73 0.22 -1.44 0.71 -2.95 1.35 -4.37 -1.43 -1 -2.08 -4.37 -5.46 0.79 3.88 -3.62 -1.33 -2.09 -2.89 1.45 -0.83 -7.53 -4.86 -2.77 -0.53 -0.98 -4.57 -4.99 -0.48 -2.39 -0.55 -1.35 -0.92 -0.82 -8.1
199204 -10.1 -3.54 -4.8 -3.89 -2.96 -6.25 -3.36 -2.78 -2.38 -0.21 -5.68 -1.69 -1.15 0.41 2.75 -1.92 0.62 1.79 3.64 3.92 -0.09 5.47 5.58 2.75 10.17 -1.38 1.9 7.66 -2.03 4.87 0.89 -5.25 -2.15 6.33 1.14 -0.05 3.72 1 0.64 11.1 2.64 -3.96 -5.47 9.56 2.68 6.85 -3.79 0.15 3.77 2.85 -0.93 -4.57 3.23 0.9 -0.06
199205 -1.56 0.29 0.02 -1.33 1.72 -0.3 0.5 1.59 1.13 4.09 0.04 -0.91 2.16 0.69 3.78 0.08 1.16 1.41 0.73 0 1.22 0.29 -0.05 0.22 -0.26 0.89 3.62 0.39 2.04 0.03 0.51 -1.97 1.08 -0.88 -1.68 0.55 0.91 -0.31 -0.41 -1.84 -2.2 9.43 -0.36 3.22 2.54 -1.7 1.31 -0.71 -0.59 -0.25 1.5 -0.22 0.89 2.53 -5.03
199206 -9.17 -5.53 -5 -5.14 -4.23 -5.49 -5.72 -2.4 -3.26 -1.08 -4.85 -3.79 -2.29 -1.44 -0.37 -1.97 -4.37 -1.44 0.28 -1.05 -3.11 0.17 -2.23 -0.26 2.97 -0.07 -5.49 -9.85 -3.6 -3.2 -6.46 -4.42 -4.68 -4.66 -7.41 -5.82 1.96 -5.8 1.83 4.34 -4.84 9.08 -9.74 -3.45 0.54 1.24 -5.43 -2.86 -1.55 -3.97 -2.91 -1.81 -2.21 1.25 -4.41
199207 0.92 0.93 1.91 2.52 2.85 2.67 4.09 3.07 4.55 3.18 5.47 4.69 3.94 4.88 3.91 5.14 4.08 3.67 4.29 2.33 4.93 3.62 4.83 3.23 -0.33 5.43 4.55 4.63 1.79 2.89 6.87 6.4 5.72 4.21 7.18 4.99 -0.19 2.94 -0.94 -0.74 2.96 -0.84 6.42 5.35 6.69 5.37 3.49 2.72 -1.11 0.79 3.94 4.29 0.47 3.66 5.55
199208 -4.55 -2.97 -1.76 -2.02 -3.17 -4.23 -3.47 -0.3 -0.41 -3.67 -3.91 -1.98 -2.27 -1.32 -3.18 -1.37 -2.46 -2.34 -1.5 -4.71 -0.6 -3.18 -0.54 -3.68 -8.81 1.88 1.28 -0.2 -2.25 -1.07 -3.14 -1.03 -3.3 -4.78 -1.49 0.11 -9.14 -3.4 -2.75 -10.88 -4.53 -4.52 -1.2 2.58 -0.49 -1.05 -2.15 -5.28 -3.39 -5.94 -2.27 0.05 -2.75 -3.22 -3.1
199209 0.32 1.7 1.65 2.12 0.98 1.96 1.57 3.72 2.2 2.19 2.78 2.91 1.95 0.36 1.74 0.49 3.39 1.79 1.17 0.43 0.73 3.36 0.9 0.07 0.2 2.76 -2.11 1.36 5.65 -0.52 3.31 5.78 -4.9 0.05 2.04 2.89 -0.43 2.46 6.53 -1.56 -2.2 -0.01 13.17 0.09 0.82 1.81 3.75 2.43 0.71 4.09 2.58 4.29 5.7 3.37 4.95
199210 2.62 1.74 2.78 2.24 1.26 4.79 3.97 2.52 1.26 2.51 5.95 3.54 1.83 2.33 1.25 4.92 0.66 1.11 2.02 4.89 2.03 1.56 -1.77 -1.92 -0.14 -2.71 2.04 -4.2 4.27 0.69 2.47 0.73 3.32 0.77 0.1 0.65 1.56 -1.85 -0.67 0.41 3.56 -4.78 0.02 -3.48 -0.42 -0.53 6.48 0.07 2.16 6.03 2.73 4.5 3.07 2.82 1.47
199211 10.48 10.45 7.69 8.56 7.82 9.44 8.14 6.58 4.51 6.62 9.77 6.77 6.17 5.01 4.49 6.96 5.02 4.06 2.77 4.06 3.7 4.91 0.64 3.11 8.52 3.71 0.7 1.97 7.75 7.08 4.5 10.55 4.87 2.18 5.79 2.24 6.99 3.69 8.02 8.21 1.29 -6.73 -10.49 -2.61 -0.24 4.29 5.06 6.65 3.99 5.42 6.73 7.04 9.05 6.52 6.68
199212 1.46 3.62 4.93 3.8 5.12 1.58 2.57 3.37 6.24 4.99 3.14 5.7 2.34 4.14 4.44 1.17 2.28 4.09 4.2 4.42 -0.69 3.19 3.09 -0.12 2.85 -0.9 2.9 -2.84 2.64 -0.54 -0.98 -1.2 -1.4 0.96 5.15 -0.29 3.98 0.96 3.22 3.2 8.7 4.17 -0.15 1.93 2.7 5.57 0.6 0.27 0.08 1.33 3.07 0.18 -0.35 4.61 3
199301 2.62 5.76 3.89 5.79 8.16 -0.7 3.24 4.43 4.68 8.08 -2.02 3.45 4.77 3.09 4.26 0.96 1.53 2.95 2.68 4.57 -2.39 0.92 0.87 3.29 9.3 -3.09 0.86 -5.75 6.28 2.91 2.15 -1.32 -6.77 -2.26 2.58 0.84 6.52 3.61 0.66 9.61 -3.62 -3.82 -3.66 2.76 2.45 1.16 2.76 5.16 -0.46 2.92 2.22 -0.2 0.2 3.66 0.62
199302 -7.58 -5.09 -2.12 -0.49 0.79 -7.97 -4.59 -0.26 2.7 1.74 -8.04 0.31 1.5 0.45 3.55 -5.07 1.89 1.56 3.12 2.4 -3.02 2.28 5.04 4.91 2.1 -2.06 -2.35 -3.2 -4.39 0.04 3.19 -7.06 -8.94 0.98 3.46 6.29 -0.51 3.35 -2.31 0.01 1.96 4.6 -1.92 6.03 6.21 5.72 -2.19 0.72 0.43 0.45 -1.71 -1.77 -0.14 0.99 -1.71
199303 0.57 1.7 3.66 2.53 4.91 0.97 2.45 3.91 2.16 3.8 4.84 3.19 3.14 3.1 6.25 2.79 5.05 4 3.45 1.98 0.7 3.55 3.33 0.73 3.43 -2.28 2.46 -0.89 4.07 1.24 1.08 5.04 0.81 2.14 2.94 1.55 -0.83 2.24 6.38 6.27 3.51 13.07 -1.9 4.12 1.77 3.26 2.98 1.51 -1.56 4.05 2.08 2.95 3.79 4.36 0.85
199304 -3.96 -4.49 -2.92 -2.3 -1.25 -3.21 -3.15 -1.65 -2.41 -4.17 -4.36 -2.76 -2.93 -1.6 -1.44 -5.12 -2.37 -1.78 -1.89 -1.89 -5.96 -2.11 -0.34 -1.56 1.13 -12.1 -9.18 -15.78 -2.85 -2.12 -5.03 -6.41 1.31 3.31 -4.8 -1.97 -2.25 2.38 0.2 3.79 1.72 1.42 -4.69 1.2 -0.15 -2.87 -5.28 -2.73 -0.63 0.45 -3.86 -9.26 -6.34 -3.71 -3.2
199305 5.54 4.4 3.73 3.08 4.68 6.94 4.58 3.41 1.55 4.16 7.77 6.61 3.33 1.9 2.24 6.97 4.05 1.9 1.29 2.71 3.13 4.38 1.41 1.75 -0.51 2.65 3.18 4.77 11.07 2.19 1.42 2.86 3.61 1.69 0.07 1.32 4.17 4.55 2.76 0.45 4.83 5.76 8.68 1.73 -0.06 4.23 6.4 9.06 0.32 2.5 5.24 5.86 7.24 0.43 3.11
199306 -1.71 0.58 0.04 -0.74 2.01 -0.36 0.74 0.55 0.35 2.31 -0.79 0.37 1.68 2.56 0.98 0.81 0.59 2.31 1.17 3.82 -2.46 0.91 1.86 1.78 4.84 -1.81 2.01 -0.27 -1.59 -1.19 1.87 -12.14 -2.93 -4.19 -4.38 -0.57 1.36 1.64 2.86 3.85 1.22 1.96 -8.86 -1.1 3.18 4.64 0.41 -0.54 -1.26 -1.27 -0.12 -3.47 -4.45 3.89 -0.95
199307 -1.55 -0.44 0.92 2.22 3.3 -0.1 0.44 1.2 2.86 1.98 -0.36 0.09 1.02 2.32 -0.5 -2.59 1.26 1.14 2.24 0.35 -3.48 0.28 0.99 2.45 0.6 -4.48 0.01 -4.59 -1.52 0.82 -2.15 -4.16 -5.99 1.05 -2.95 -0.29 -2.5 -0.06 2.26 2.73 3.44 5.59 6.9 0.46 1.95 2.15 -3.16 -2.91 -1.95 3.81 1.22 0.12 1.82 2.4 -2.75
199308 3.89 5.16 3.58 3.36 3.13 3.55 5.89 4.82 5.37 3.51 4.12 4.84 3.56 3.05 2.9 6.22 3.38 4.99 3.52 5.15 3.7 2.12 4.12 4.3 2.36 5.74 2.15 -1.32 7.32 3.37 3.7 2.25 3.06 3.26 8.8 5.15 2.78 7.8 0.34 -0.72 3.32 -8.97 5.94 4.22 3.67 5.47 3.36 7.84 2.1 4.34 4.58 3.69 4.91 3.16 6.38
199309 2.41 2.2 3.06 2.91 3.34 3.69 3.6 2.34 2.27 2.25 4.05 0.9 1.25 1.63 0.4 0.35 2.19 0.12 -0.86 -0.71 -0.88 -1.66 -0.06 1.25 -3.07 -2.33 -1.49 -3.8 6.66 -0.96 -1.77 -4.31 0.92 -2.4 -3.29 -1.13 -4.34 -1.87 -0.89 0.66 -0.69 -9.52 6.57 1.43 -0.63 -0.48 4.47 -0.17 -2.96 -1.16 -0.77 -0.34 0.84 2.34 -1.51
199310 5.08 4.8 4.61 4.26 4.48 3.93 2.1 0.8 1.28 0.71 1.95 -1.2 0.68 0.05 4.08 3.3 0.44 -0.61 -0.88 -1.18 4.13 0.55 -0.11 -0.76 6.06 8.45 2.13 9.67 2.89 7.23 7.42 6.91 6 2.61 2.19 2.73 4.29 3.85 0.88 9.21 0.75 7.53 -0.89 -1.87 -1.96 2.59 2.72 1.24 -0.43 3.26 2.41 4.8 5.55 -3.77 -3.61
199311 -3.91 -2.87 -2.08 -1.99 -1.91 -2.74 -3.16 -2.56 -4.51 -3.69 -2.62 -2.48 -3.01 -3.31 -0.99 -2.28 -2.88 -2.21 -2.41 -4.99 1.47 -1.65 -2.97 -3.25 3.06 0.69 -0.44 5.83 -2.92 0.13 1.42 1.6 1.11 1.16 0.14 3 0.32 -2.24 0.43 1.74 1.99 -1.88 -0.17 -5.89 -5.51 -6.04 -1.78 0.09 6.25 1.62 -1.12 1.47 -0.32 -3.85 -0.58
199312 0.68 0.8 1.78 1.28 1.13 2.2 4.49 4.54 1.47 3.87 4.03 6.07 5.57 3.5 2.84 4.2 5.52 3.8 2.31 3.76 0.06 2.3 0.64 1.42 2.74 -0.07 4.24 -0.93 0.52 3.65 1.68 0.05 2.49 2.99 0.57 1.53 6.85 3.93 7.02 4.48 6.55 14.04 4.73 0.52 1.61 -0.44 0.96 4.18 3.36 2.16 2.98 -3.83 3.91 2.25 3.03
199401 2.51 6.35 5.3 5.59 6.05 1.39 2.09 1.86 2.9 4.91 1.99 1.87 1.56 2.11 7.3 2.69 3.3 4.04 2.54 2.64 1.34 3.82 4.85 3.02 5.7 1.71 -4.93 10.13 4.41 -0.58 2.47 0.58 1.92 7.95 -6.77 3.28 10.44 4.72 3.13 8.54 2.27 1.78 -3.35 4.87 -1.22 2.01 3.87 4.61 6.44 4.69 2.8 0.05 2.52 4.18 5.62
199402 -3.2 1.6 -0.47 -0.22 0.02 -0.38 0.22 0.25 -1.74 -1.49 -0.85 1.9 0.86 -1.87 -1.7 -1 -0.11 -1.51 -2.54 -4.72 -1.8 -2.01 -3.41 -4.91 -5.01 -2.15 1.63 -7.13 -0.82 -2.99 -1.21 2.62 -5.55 -0.89 0.53 -1.77 -3.24 0.83 -1.31 -4.84 1.9 -1.36 -2.08 -2.97 -4.95 -5.53 0.02 1.74 -1.78 -4.53 -0.83 2.84 1.74 -4.06 -3.75
199403 -7.51 -5.2 -4.17 -5.09 -3.08 -7.25 -5.34 -5.06 -3.77 -5.92 -5.8 -4.73 -4.64 -3.99 -5.7 -5.52 -4.9 -4.65 -2.75 -1.96 -4.76 -3.85 -2.84 -4.65 -4.34 -4.28 -3.17 -10.99 -9.06 -4.5 -5.04 -0.31 -6.72 -3.15 -0.56 -5.81 -5.74 -3.4 -4.28 -6.88 -4.76 2.43 -9.79 -3.61 -3.93 -3.74 -4.84 -3.63 -5.82 -6 -5.66 -4.31 -6.97 -3.37 -5.26
199404 -3.74 -0.57 -1.47 -0.65 0.74 -0.88 0.63 1.73 1.39 2.15 -1.54 2.29 0.83 0.95 1.69 -0.3 0.77 1.62 2.31 1.44 1.4 -1.06 3.07 1.16 2.43 0.94 1.83 11.26 -2.9 -1.27 1.64 -1.14 2.4 2.54 2.76 -0.46 -0.98 -1.09 -3.8 0.13 -0.37 -9.9 -0.41 4.13 2.11 1.42 0.59 -2.51 -0.77 -0.33 -0.41 0.23 2 2.44 1.76
199405 -2.32 -2.08 -0.36 -0.4 -0.51 -2.41 -2.36 -1.22 0.14 1.1 -2.12 -1.56 0.36 -1.28 -0.2 -0.17 0.24 0.2 -1.25 -1.95 1.16 3.9 1.83 0.79 0.91 -0.7 -2.17 -6.79 1.48 1.01 0.92 -1.43 4.37 3.57 -5.41 0.95 3.53 -2.53 3.38 -2.07 3.12 1.91 -1.81 0.89 -5.35 1.66 4.06 0.7 3.27 -2.01 0.48 -2.52 -1.02 4.31 -1.39
199406 -6.71 -4.33 -4.58 -2.2 -1.75 -5.52 -2.77 -0.85 -1.25 -1.5 -4.5 -2.62 0.08 -0.98 -1.73 -5.18 -2.61 -2.19 -1.73 -3.93 -2.46 -3.08 -2.13 -1.81 -3.55 0.85 -4.58 3.1 -4.14 -4 -3.25 -2.39 -3.69 -2.65 -5.49 -3.47 0.94 -2 -5.11 -3.44 -1.98 -4.19 5.54 -2.7 -3.13 0.71 -4.7 -5.04 -1.45 -2.16 -4.21 -1.66 -6.86 -2.6 -0.84
199407 0.14 -0.05 0.32 0.81 1.44 2.66 1.29 2.3 1.38 3.57 3.33 2.32 0.91 3.1 4.97 2.45 2.45 4.11 4.68 5.48 2.49 3.63 3.23 4.67 3.39 2.42 5.49 5.53 2.19 1.89 2.72 2.22 1.04 4.09 -0.02 3.86 6.77 4.26 7.37 4.28 0.19 1.01 -2.29 3.33 5.16 3.2 0.97 5.11 6.12 1.59 2.12 0.89 -0.99 2.8 2.46
199408 3.53 4.92 3.05 3.23 2.84 9.18 5.64 3.61 4.88 4.6 9.8 4.23 4.48 4.45 3.32 8.42 5.21 2.61 2.85 4.33 6.15 4.76 1.78 3.09 1.34 7.48 5.17 9.78 3.68 3.46 6.95 5.66 10.71 6.11 3.83 4.18 5.22 4.44 0.32 -1.81 4.7 4.27 3.77 -0.06 0.66 1.16 8.13 9.26 5.54 1.98 3.3 4.56 4.34 3.55 4.29
199409 1.14 1.45 1.34 2.07 0.75 0.12 0.25 -0.06 -0.41 -1.95 0.73 -1.85 -1.64 -1.11 -2.18 -0.43 -2.48 -2.52 -3.47 -2.24 -0.67 -3.34 -3.71 -2.8 -4.41 0.23 2.49 -2.82 -3.4 -3.04 -1.2 -2.63 1.73 -1.09 -5.8 -2.95 0.4 -3.28 -1.96 -5.42 -5.23 6.32 -1.12 -2.07 -2.78 -1.1 0.31 -0.98 0.6 -6.9 -0.65 -2.49 -3.5 -4.76 -3.51
199410 -1.1 1.62 0.39 1.14 -0.27 1.52 0.34 -0.68 -1.6 -3.94 2.89 0.3 -0.44 -1.17 -1.61 1.26 0.38 -0.43 -0.26 -0.88 3.33 0.58 3.23 3.09 0.62 2.2 3.74 -2.42 0.58 0.93 1.18 2.42 0.88 0.26 -0.33 0.38 -3.85 3.07 1.29 -1.14 2.03 -8.98 -4.2 7.4 1.56 -0.09 5.82 6.96 -3.05 2.28 0.12 1.14 3.84 0.35 1.24
199411 -4.35 -3.24 -2.92 -2.85 -3.53 -2.56 -3.76 -4.15 -3.43 -5.71 -5.77 -4.04 -3.79 -4.7 -3.59 -3.8 -3.67 -4.9 -4.25 -4.11 -1.73 -4.93 -4.44 -3.77 -2.81 -2.03 0.87 -1.99 -1.6 -2.46 -2.26 -3.88 0.43 -7.88 -2.92 -4.99 -8.55 -7.35 -5.43 -5.08 -2.94 -10.03 -8.35 -4.83 0.26 -5.45 -3.22 -2.27 -4.5 -4.56 -3.94 -2.48 -5.39 -5.32 -5.96
199412 -3.16 -0.36 0.08 0.33 -0.44 1.66 1.96 2.91 2.7 0.5 2 1.94 2.87 3.71 3.73 1.91 1.1 0.95 0.42 1.4 0.96 1.83 1.4 0.91 1.68 1.51 1.9 -2.04 2.59 2.57 1.09 1.59 0.52 3.73 2.1 0.96 4.38 1.8 9.25 4.74 5.24 2.88 2.68 -1 0.35 0.9 2.02 2.86 3.72 -0.23 2.57 -4.91 1.34 1.39 2.8
199501 2.03 1.79 2.6 2.19 2.47 -1.61 -1.04 -0.57 -0.02 0.3 -1.83 -0.82 -1.91 0.49 1.33 0.29 1.33 0.24 3.76 3.85 2.99 1.92 4.02 2.87 2.82 2.4 2.84 4.59 6.16 0.25 2.73 -4.13 6.15 -2.72 0 1.77 -5.91 0.08 0.5 -6.2 0.13 -6.28 -0.59 0.38 6.23 4.2 -0.93 -0.61 -1.09 3.36 0.56 0.83 7.15 5.64 2.26
199502 2.21 3.02 1.97 3.12 3.26 3.98 3.05 3.29 5.06 4.98 5.97 4.41 5.33 4.43 4.59 3.94 5.69 4.79 3.9 4.44 3.28 5.54 3.82 3.5 3.69 1.34 4.87 -1.24 3.97 5.72 3.33 2.07 2.24 5.9 3.58 4.79 3.31 5.33 5.97 4.89 6.16 4.41 -6.35 4.5 0.82 1.51 6.7 6.55 8.06 7.47 5.27 2.13 3.16 4.93 1.14
199503 1 1.96 0.59 1.24 0.54 3.49 3.11 2.12 2.05 1.81 3.64 1.97 1.44 0.38 0.94 2.45 4.13 3.04 2.23 -0.35 2.71 3.99 2.78 2.84 0.26 3.58 2.4 5.91 4.01 1.28 1.97 2.47 2.69 5.63 -4.61 1.29 2.16 5.76 -0.2 1.73 7.46 11.07 6.31 5.26 -1.75 0.28 5.23 4.21 2.8 3.33 1.82 3.93 1.97 1.21 2.94
199504 1.79 3.25 2.05 2.97 4.6 0.22 2.25 3.4 1.51 3.82 0.3 1.14 3.11 3.11 1.9 0.74 2.43 2.74 1.71 2.67 2.54 2.49 2.94 3.5 4.17 3.81 3.23 -4.35 1.57 -2.16 3.99 -1.24 3.07 3.11 0.99 1.74 -0.02 4.3 3.01 2.46 3.91 -1.88 0.45 2.35 2.38 1.59 3.84 9.29 1.04 2.73 3.28 -3.48 2.51 1.65 1.27
199505 1.85 2.21 1.28 1.6 4.03 0.86 2.38 1.5 3.29 2.11 2.09 -0.43 2.28 2.77 2.8 2.27 1.04 2.85 4.14 3.5 3.73 3.89 3.65 4.58 6.78 3.16 8.42 3.92 2.38 4.03 2.58 0.61 1.63 3.18 3.98 2.04 1.66 3.11 3.39 5.49 5.47 -1.31 3.37 4.08 6.01 0.63 0.41 3.43 2.15 -0.52 2.29 2.8 4.05 6.2 4.74
199506 7.81 7.77 5.93 4.5 4.97 9.88 3.61 4.48 4.34 4.36 6.39 2.41 4.67 2.22 2.24 6.86 3.05 4.67 1.11 2.93 3.86 2.94 0.18 2.22 0.62 2.71 -0.13 -0.92 0.87 2.67 -0.14 3.3 4.46 1.26 1.38 3.32 6.52 3.3 -0.83 1 4.92 0.59 3.98 -3.11 -0.46 3.86 7.92 10.13 3.9 4.55 3.82 5.26 2.79 1.73 2.58
199507 7.16 6.18 5.1 5.07 4.84 8.86 5.9 4.34 4.99 4.76 8.11 4.61 5.05 4.48 4.09 8.21 6.54 4.04 4.11 1.42 3.43 2.43 4.51 4.54 1.84 -0.58 2.39 -3.47 4.33 3.19 -0.81 7.48 5.31 2.61 3.68 3.02 6.45 7.86 4.03 2.42 6.63 8.05 -1.21 2.32 -0.38 5.14 5.19 8.74 2.09 9.26 3.2 4.02 1.76 4.19 6.17
199508 4.18 5.14 4 4.4 3.72 0.73 1.42 1.94 3.77 3.66 0.52 1.18 2.06 3.61 3.71 0.04 1.5 2.62 1.96 3.05 -0.57 1.51 -0.29 2.28 2.59 1.35 -1.63 4.57 -0.16 2.34 0.96 1.01 1.04 -0.43 -1.44 1.36 -0.04 -1.26 -0.01 0.29 -1.34 -1.28 4.16 -1.62 0.98 4.33 1.02 -0.14 0.99 0.48 -1.11 -3.52 -3.39 5.19 -2.12
199509 3.48 2.31 1.99 1.99 2.58 2.38 2.19 1.78 1.62 -0.08 2.83 0.7 1.71 1.67 0.61 3.93 1.86 1.16 1.78 3.48 4.67 5.52 2.8 5.09 4.97 8.04 9.26 2.89 -1.75 2.62 5.37 4.7 7.45 2.9 -2.08 2.85 -4.13 -2.99 6.54 -0.39 5.26 1.23 1.97 1.31 6.24 5.63 2.76 1.17 -0.67 2.75 0.48 3.19 2.62 5.76 -1.53
199510 -6.08 -6.41 -4.55 -2.75 -2.6 -7.36 -6.61 -5.2 -4.52 -5.14 -2.6 -3.64 -3.63 -3.33 -2.05 -1.44 -5.56 -1.59 -1.39 -0.54 0.91 0.28 0.04 -2.67 -2.13 -0.04 3.93 2.79 -3.24 -3.27 2.77 -3.4 1.15 -5.75 -8.77 -1.07 -5.92 -3.53 -0.46 -5.41 -1.98 -9.81 -13.19 -0.21 1.48 -0.12 3.57 0.08 -3.08 -1.69 -0.68 -8.17 1.23 -1.92 -4.03
199511 2.02 1.69 1.45 2.29 1.24 5.03 4.3 4.64 5.1 4.69 6.29 2.97 3.73 5.06 6.11 4.38 3.5 4.91 6.03 3.49 4.7 3.09 4.88 6.13 3.63 3.95 4.86 2.93 2.2 6.65 6.33 0.74 4.95 6.56 6.93 5.08 8.02 5.27 5.55 5.47 8.86 10.44 -0.95 4.78 1.56 2.67 2.64 -1.54 6.91 6.18 3.09 6.88 5.71 6.75 5.47
199512 2.11 3.82 1 1.51 1.45 2.39 2.96 3.32 3.56 3.13 1.72 2.28 2.89 1.35 2.33 -2.17 0.27 0.93 1.59 0.74 -0.17 2.78 2.72 1.63 3.66 3.44 -0.8 4.99 -1.73 1.24 -1.82 5.95 5.93 2.11 -2.94 0.95 -0.4 -0.58 6.67 4.59 3.86 2.13 7.45 5.78 5.06 3.93 -1.37 -4.45 -0.25 -1.52 2.25 -1.59 0.01 1.25 0.77
199601 1.91 0.42 1.28 0.55 1.21 -0.36 -0.95 -0.27 -0.05 1.74 -2.54 1.09 -1.39 2.78 -0.02 1.5 2.59 2.41 0.92 1.97 3.72 3.91 2.76 3.31 3.44 3.43 3.26 1.82 4.69 -0.49 2.85 -2.36 5.95 5.43 -3.92 2.48 3.9 2.03 5.3 3.09 0.66 14.88 -2.34 -0.37 1.91 2.33 1.43 2.12 1.3 -0.12 -0.58 -1.46 6.57 3.93 2.83
199602 3.2 2.43 3 2.8 3.57 5.53 3.75 1.96 2.52 0.65 5.97 2.57 3.39 1.99 1.5 5.23 1.06 2.08 1.36 -2.35 1.36 1.19 2.03 0.76 0.79 1.62 5.61 3.18 1.79 2.33 -0.44 1.87 -1.07 2.76 0.24 -0.74 -0.72 3.81 -0.76 1.75 3.12 2.71 1.82 1.05 -2.58 -2.19 4.23 6.82 -1.02 4.18 2.89 5.53 3.42 2.13 1.51
199603 2.59 3.94 3.26 2.88 2.37 2.34 1.38 2.24 2.35 2.9 2.55 2.61 2.05 4.18 1.51 1.36 0.3 2.06 1.91 1.4 0.2 0.07 1.36 3.04 0.65 -3.82 1.9 -7.68 1.08 0.27 1.3 11.49 0.24 5.88 2.68 1.17 5.38 1.75 3.02 5.87 3.75 -0.4 4.53 4.98 -0.47 -1.87 1.57 -4.65 3.08 3.26 2.49 8.25 0.83 0.96 5
199604 8.53 9.46 9.05 5.05 5.78 10.74 6.29 3.73 6.75 1.78 6.34 3.72 1.46 1.43 1.06 6.5 5.08 2.88 0.68 -2.53 1.55 2.51 0.79 0.54 -0.73 -0.32 -0.89 -1.6 2.37 2.85 3.88 5.41 -0.6 -0.87 3.46 2.93 1.92 3.74 0.38 2.99 1.14 1.08 0.64 3.45 -2.59 2.7 8.2 10.63 2.57 2.65 4.72 4.36 2.71 -1.08 2.69
199605 7.94 6.78 7.81 6.19 5.3 6.37 3.87 4.04 8.11 2.64 3.48 3.16 2.4 0.2 1.7 3.03 0.72 0.99 1.29 0.13 4.14 2.95 0.33 1.87 1.98 5.5 9.69 5.48 2.79 3.49 3.25 8.05 3.93 -0.37 5.77 3.04 -0.11 1.28 6.18 1.38 2.58 2.86 15.73 0.44 1.35 0.06 3.52 4.22 1.35 -0.28 3.79 5.11 0.41 1.42 4.32
199606 -7.62 -5.79 -4.82 -2.83 -2.09 -6.58 -3.84 -2.09 -3.51 -1.04 -8.02 -2.08 -0.49 -0.21 -0.42 -4.29 -2.35 -1.21 0.05 2.98 1.04 1.08 -0.21 -0.81 0.03 2.38 6.54 3.68 -2.59 -0.46 1.22 0.12 -0.19 -2.35 0.98 0.69 -5.6 -4.52 3.15 -5.27 0.95 -11.05 9.35 0.91 5.21 0.44 -0.9 -6.38 -1.29 -1.43 -3.94 -1.08 -0.51 0.65 -1.26
199607 -14.65 -9.66 -6.9 -3.97 -5.96 -15.57 -8.79 -6.91 -4.95 -6.28 -11.85 -6.73 -5.37 -6.84 -4.49 -8.44 -5.43 -4.59 -4.68 -5.58 -5.13 -4.45 -3.53 -2.25 -5.92 -2.45 -5.78 0.2 -11.82 -7 -3.32 -4.33 -6.05 -3.01 -3.59 -5.14 -5.71 -8.21 -4.76 -3.92 -1.2 -2.86 -8.38 -4.66 -5.82 -8.54 -7.79 -7.55 -1.78 -7.17 -7.71 -7.62 -7.66 -2.58 -6.96
199608 4.5 4.77 4.02 3.96 3.96 7.63 5.89 3.62 4.52 5.3 8.17 6.34 6.01 6.22 4.93 5.71 5.52 5.4 5.27 3.38 1.76 1.53 3.7 2.24 3.3 -0.39 2.14 -13.18 0.3 3.63 1.69 5.77 4.19 3.71 3.57 3.26 5.78 4.71 1.65 3.29 4.09 3.12 1.16 2.97 2.89 -0.92 3.05 5.1 3.86 3.11 3.86 6.89 3.55 4.18 5.12
199609 2.73 2.61 2.49 3.69 2.27 5.77 2.34 2.7 4.13 3.59 7.95 4.02 3.99 1.6 1.78 5.96 4.56 3.7 3.37 3.01 7.17 5.67 5.08 2.74 1.15 8.76 0.73 1.41 7.43 2.32 6.34 7.15 7.34 5.92 -0.01 5.55 1.96 6.24 10.01 1.07 5.18 -3.71 10.33 3.99 0.67 1.52 8.64 10.64 4.68 1.62 4.7 3.29 0.35 5.78 5.1
199610 -5.99 -1.54 0.07 1.24 0.24 -5.07 -2.38 1.19 2.09 0.71 -6.38 -2.89 1.54 1.19 -0.03 -3.53 1.47 2.34 2.17 3.24 0.9 2.67 4.93 4.98 4.47 2.54 0.78 3.31 -1.69 0.47 1.05 -0.25 -0.69 1.47 -1.27 1.46 -0.8 -1.37 5.71 0.25 2.59 -1.25 1.03 5.85 3.61 -0.73 -1.99 -1.27 2.67 2.1 0.24 -1.96 -3.94 5.47 0.47
199611 -0.47 1.56 4.11 4.36 4.33 1.62 2.63 5.73 2.95 4.81 2.37 5.61 7.57 4.19 4.96 5.61 5.74 6.88 5.88 6.34 7.81 7.11 9.11 7.36 5.47 5.77 2.74 10.74 8.3 5.58 5.4 -0.49 6.67 5.11 0.72 3.28 7.99 8.6 6.99 6.59 4.68 2.37 4.08 5.53 2.61 5.65 6.07 14 5.26 6.71 5.05 2.1 4.07 8.45 6.77
199612 -0.9 2.05 2.62 1.98 1.71 1.95 0.88 3.39 3.77 1.87 -0.44 0.75 2.15 0.92 1.08 -1.68 -0.51 0.05 0.26 2.04 -1.85 -1.65 -2.56 -1.35 -1.48 -2.16 0.52 9.3 -6.43 -2.1 0.39 2.65 -2.68 -2.07 1.75 2.11 -1.55 -0.95 -2.99 -3.39 4.99 -2.6 11.31 0.78 0.14 2.63 -2.45 -2.44 0.93 -1.34 -0.06 -4.31 -3.23 -1.65 -2.72
199701 6.45 5.16 6.17 4.96 3.14 3.8 3.8 1.22 0.88 2.24 0.94 2.37 1.91 3.37 3.95 2.44 4.37 3.47 1.97 2.8 8.12 5.63 5.23 5.56 2.43 2.9 11.36 4.63 3.59 0.75 6.43 6.44 9.59 3.78 5.5 6.42 4.92 5.27 4.29 3.8 1.84 -3.28 12.26 4.31 0.9 2.34 5.76 10.3 1.26 2.4 0.13 0.34 1.61 6.59 7.04
199702 -5.67 -5.36 -1.26 0.58 1.01 -8.91 -2.44 0.21 1.88 0.47 -6.58 -0.56 0.9 1.22 1.07 -3.59 1.59 1.31 2.09 2.34 0.66 0.03 -0.44 2.06 2.76 2.79 2.74 12.47 -0.26 2.39 2.87 3.12 0.95 1.1 2.21 -3.17 0.52 -1.8 -0.95 0 -1.38 16.66 -3.26 -5.7 -0.57 2.28 -5.1 -8.08 4.67 -1.06 -0.84 5.63 -3.15 3.93 -4.53
199703 -9.64 -6.62 -3.57 -1.21 -2.16 -9.31 -5.36 -2.28 -2.34 -1.8 -8 -3.46 -3.52 -1.77 -2.5 -7.01 -4.42 -3.74 -3.25 -3.76 -5.56 -4.1 -1.11 -4.97 -4.3 -1.2 -6.53 -13.54 -3.2 0.71 -6.06 -5.66 -7.41 -2.16 -2.84 -5.26 -4.58 -2.05 -2.99 -4.81 -1.02 -10.85 -5.4 5.23 -2.76 -7.6 -5.67 -5.23 -4.45 -0.18 -6.57 -0.55 1.65 -6.63 -4.3
199704 -5.27 -3.51 -2.27 -1.85 -2.87 -4.04 -0.5 0.97 1.16 0.23 -0.98 3.06 3.79 2.36 1.77 2.67 1.97 3.35 2.19 1.28 7.83 4.89 5.27 4.63 1.83 3.37 11.37 3.24 2.75 -0.76 8.45 -4.1 6.15 3.24 -3.34 7.36 2.23 4.07 9.96 2.26 1.07 -5.86 6.74 0.03 -1.39 2.54 10.47 6.07 3.5 5.65 0.52 1.72 6.11 6.23 0.97
199705 12.1 12.32 10.1 8.22 8.07 17.82 12.72 9.67 9.17 8.15 15.55 10.55 7.14 6.53 7.76 9.7 7.24 5.89 7.36 6.87 6.44 6.95 5.07 5.49 5.1 2.57 6.43 9.98 5.6 7.06 8.15 5.01 6.91 4.55 7.25 6.62 8.15 12.26 9.03 6.57 7.01 7.58 -4.65 7.36 3.77 6.64 10.01 10.21 7.73 6.12 8.68 6.43 0.98 5.87 8.16
199706 3.61 4.93 6.62 7.7 7.09 3.1 4.91 5.66 5.91 6.85 3.91 3.58 5.35 4.76 6.1 1.89 4.75 4.64 3.8 2.06 4.28 4.87 4.15 4.05 2.35 6.54 0.07 2.67 1.41 6.1 4.17 3.6 8.9 6.17 2.37 5.48 4.39 6.25 6.82 3.72 3.83 1.02 2.88 1.31 3.06 3.78 3.11 0.98 3.25 2.43 1.77 6.59 1.14 6.16 4.38
199707 3.61 5.59 6.33 5.97 5.95 4.83 6.16 4.38 5.48 4.51 5.19 6.8 6.57 5.73 5.79 6.48 8.02 7.32 6.5 5.8 8.02 8.74 9.05 7.36 7.17 5.68 1.85 1.3 1.78 4.86 4.43 3.11 2.06 7.05 3.03 8.38 10.2 9.54 8.62 8.11 8.29 1.88 10.8 7.4 2.81 2.75 7.91 18.88 5.81 8.06 5.22 8.86 7.22 10.62 3.2
199708 5.31 4.82 3.57 3.79 4.53 3.5 2.34 3.41 2.58 3.51 2.36 3.7 0.89 0.21 0.78 -0.1 1.14 -0.32 -1.42 0.26 -7.28 -4.04 -4.58 -5.32 -2.71 -4.14 -12.61 -3.04 -2.5 -2.54 -8.26 -6.18 -6.14 -4.54 0.75 -7.01 -1.77 1.07 -9.46 1.41 -7.31 0.68 -5.22 0.25 -1.16 -2.28 -2.4 -0.69 -2.99 -4.14 1.32 -2.91 -5.19 -5.64 -0.6
199709 10.49 9.49 9.73 8.23 8.83 7.9 7.44 7.81 8.44 5.8 6.83 7.9 6.83 7.66 4.99 5.32 4.61 6.79 5.19 4.45 4.84 5.76 5.61 6.94 6.26 6.39 8.11 -2.78 5.1 7.22 5.11 5.07 6.61 0.57 6.18 4.76 1.14 0.88 8.39 5.71 3.54 5.6 -4.38 6.32 4.65 9.68 3.83 3.95 1.79 8.61 3.96 5.4 5.36 8.09 5.33
199710 -5.78 -3.41 -3.22 -1.25 -0.81 -6.66 -3.87 -3.74 -2.79 -3.2 -5.79 -4.35 -4.02 -2.39 -2.29 -6.65 -5.79 -2.6 -4.33 -4.44 -2.45 -4.68 -3.07 -0.58 -2.13 -1.53 -5.95 -4.16 -0.27 -0.99 -3.71 -7.95 0.26 -4.27 -4.08 -2.63 -7.65 -8.54 -5.24 -3.82 -11.28 -14.32 -17.21 -1.99 0.94 3.33 -3.04 -10.85 -6.02 -1.46 -1.86 -1.67 -5.37 -1.9 -9.77
199711 -3.84 -2.46 -1.74 -0.09 -0.63 -3.51 -2.01 -0.39 -0.02 -0.3 -3.43 -2.24 2.17 2.16 1.62 1.33 0.62 2.95 2.36 4.43 5.3 6.7 1.44 3.81 2.81 7.49 7.29 8.65 7.48 3.93 5.53 1.48 2.86 3.15 -0.94 2.45 -3.49 -2.83 12.06 -2.2 6.08 -10.48 -7.03 -3.55 7.14 10.26 2.63 0.65 2.84 -0.86 1.37 6.56 3.46 3.6 2.31
199712 -5.98 -2.79 -0.52 0.84 1.04 -0.73 -1.83 2.94 2 3.93 0.73 0.84 2.84 3.63 4.7 -1.37 2.45 2.78 5.58 2.84 0.92 2.49 2.5 3.07 6.13 3.22 4.2 5.38 2.51 6.22 2.98 -8.97 3.55 -0.16 0.62 4.5 1.55 -0.88 -0.09 4.79 -1.96 -5.1 3.59 -1.52 7.97 4.56 -0.45 -4.76 -6.17 2.05 -0.12 -0.69 -1.07 5.89 6.34
199801 0.41 -0.86 -1.07 -1.08 -0.81 0.21 -1.75 -1.36 -2.78 -2.06 -0.12 -2.63 -1.56 -3.8 1.04 -1.45 0 -2.27 -0.35 -0.47 4 -0.17 -3.32 0.29 -0.28 -3.79 -2.03 -7.35 6.37 -0.66 0.8 0.41 5.73 -2.5 0.15 -0.29 2.41 -2.68 4.78 0.82 0.9 -0.95 -10.73 -5.73 -4.37 4.84 3.63 5.06 2.09 -0.22 -0.63 1.74 -1.45 -2.84 -3.32
199802 6.34 6.04 5.73 6.46 6.5 9.06 8.63 8.9 6.91 6.45 9.12 8.73 7.97 8.43 7.37 9.64 7.28 8.03 5.67 5.08 7.53 5.78 8.94 7.88 6.91 4.45 4.69 4.5 5.77 6.31 9.1 11.62 5.45 8.1 4.14 9.66 5.83 11.06 1.47 12.36 12.12 2.07 8.78 6.83 2.65 2.62 10.7 9.7 6 3.97 7.89 11.02 11.4 8.83 7.36
199803 5.22 5.8 4.9 4.67 4.99 4.36 6.41 2.9 4.67 4.41 4.25 2.28 5.45 4.4 6.72 3.61 5.48 4.98 4.01 7.41 4.59 5.29 5.29 7.18 7.61 4.23 12.45 -3.26 -0.4 5.32 4.24 4.26 3.61 5.58 7.39 8.17 3.39 2.74 9.68 6.18 -0.02 10.23 5.66 4.81 6.77 9.81 8.22 -2.18 2.73 6.91 3.29 7.18 6.74 5.74 5.07
199804 1.99 3.38 3.26 2.74 2.3 -0.36 2.06 0.8 2.86 2.26 1.34 0.33 0.12 0.28 -0.4 -0.49 0.27 0.59 0.32 -0.21 1.15 1.23 2.96 0.98 0.35 -3.21 -3.08 -10.83 8.63 1.62 1.06 2.71 1.92 2.78 1.45 -2.29 3.59 1.55 -1.15 1.6 0.89 3.68 0.94 3.81 -2.51 -3.03 -0.57 7.57 2.24 -3.06 2.02 -0.15 0.81 1.87 4.78
199805 -6.34 -6.34 -4.32 -2.7 -2.3 -8.56 -5.64 -5.36 -2.75 -3.06 -7.4 -6.76 -4.67 -3.79 -3.12 -5.34 -3.07 -3.73 -2.07 -3.14 -2.17 -2.14 -2.62 1.64 1.96 1.08 2.88 0.59 -6.51 -0.77 -1.21 -0.78 -2.47 1.12 -2.65 -2.06 -7.26 -6.19 -2.49 9.69 -2.99 -12.19 -1.67 -4.21 -0.88 -1.65 -6.08 -7.05 -4.6 -4.81 -3.67 3.9 1.21 -2.3 -3.42
199806 -0.5 1.56 -1.76 -1.85 -0.92 1.94 -1.4 -1.29 -1.02 1.76 3.37 -2.02 -1.22 0.33 0.89 0.89 -0.23 0.2 0.68 1.09 7.77 1.17 2.33 3.09 3.04 -0.25 6.71 5.52 -2.6 5.97 3.67 2.15 6.18 -3.37 -7.16 -0.23 -1.83 -5.9 6.53 2.35 -2.35 -5.61 -2.22 -1.36 2.84 3.21 13.44 4.66 -6.87 0.97 -0.09 6.56 0.23 3.51 2.62
199807 -7.27 -7.53 -5.87 -6.4 -5.47 -7.44 -8.43 -8.41 -8.25 -7.2 -7.99 -8.03 -7.75 -8.36 -7.18 -5.66 -5.71 -5.85 -4.55 -5.01 -0.1 0.21 -3.57 -4.16 -1.19 -7.77 -4.49 10.37 -2.37 -2.71 -3.48 -10.18 -0.22 -8.97 -9.63 -5.83 -6.4 -9.7 -2.07 -1.04 -5.35 -6.63 8.52 -7.13 -5.34 3.79 -4.96 3.71 -6.72 -6.08 -3.44 -2.53 -4.23 -0.99 -3.01
199808 -27.19 -22.04 -19.87 -19.26 -17.88 -25 -20.23 -17.63 -18.27 -14.61 -23.59 -20.34 -18.72 -16.21 -14.75 -19.96 -20.34 -17.99 -12.86 -8.67 -13.29 -16.8 -17.6 -12.29 -11.11 -8.97 -19.76 -5.2 -22.16 -10.4 -10.92 -22.15 -12.26 -11.87 -14.85 -19.86 -18.39 -19.17 -11.21 -19.92 -19.48 -19.83 -24.69 -10.05 2.25 -11.81 -17.8 -17.4 -15.23 -16.68 -17.56 -13.23 -14.84 -22.1 -18.19
199809 6.11 3.95 3.87 2.79 1.37 11.91 7.1 5.23 5.46 4.05 11.83 5.55 7.16 4.37 3.62 6.57 6.64 6.22 5.11 7.44 8.39 3.68 4.85 5.29 6.95 4.37 -5.02 12.46 -1.38 -0.33 -5.11 2.53 12 0.68 -5.45 -1.39 9.01 1.57 -0.05 2.52 5.91 35.61 5.2 13.19 7.98 10.14 14.8 13.22 5.1 1.75 10.79 -0.46 1.04 2.07 7.98
199810 3.81 2.24 1.4 2.35 1.51 4.92 5.77 3.48 3.43 1.26 3.81 7.33 5.67 3.22 2.58 8.37 10.38 6.18 3.85 2.64 7.76 10.14 7.76 5.52 5.12 9.2 15.76 10.82 6.96 7.37 18.54 6.86 3.85 1.68 3.02 11.21 8.09 13.22 10.1 11.91 14.25 1.26 2.96 1.23 -1.76 6.72 1.1 10.24 9.9 8.12 3.87 12.31 10.52 10.05 7.64
199811 10.18 8.09 6.4 7.9 7.8 9.54 6.22 3.39 5.91 3.18 8.58 6.82 3.8 1.98 3.04 7.66 2.61 3.63 3.97 2.98 7.63 5.98 6.79 3.61 4.4 4.34 5.79 9.15 12.57 8.36 1.09 3.36 6.18 4.47 9.71 3.28 -2.08 3.87 3.96 4.81 9.17 -0.51 6.11 0.34 1.35 3.69 12.51 10.29 6.29 2.98 2.52 11.13 3.72 6.37 -0.62
199812 4.3 2.3 2.69 1.15 1.24 7.33 4.48 3.09 4.06 5.69 11.76 6.99 3.8 4.4 2.79 10.61 4.07 2.64 4.68 1.82 9.14 4.47 1.44 3 3.96 -1.64 -0.31 -3.04 -3.08 9.45 5.4 3.8 5.02 -4.58 5.59 4.47 -0.81 -0.26 12 4.21 -5.47 -1.71 22.61 -1.67 2.83 14.35 14.92 14.14 -0.08 3.78 3.81 10.32 7.04 3.21 -1.01
199901 8.85 3.54 5.37 2.91 5.07 5.7 0.92 -1.85 -1.15 -1.59 4.14 2.57 -1.09 -4.3 -3.49 1.48 -1.88 -2.16 -3.01 -4.36 6.22 2.95 1.66 -1.96 2.46 -3.79 -1.65 -12.21 8.2 -0.98 -2.09 6.97 0.24 -5.21 -7.65 10.29 3.8 5.21 2.6 7.38 0.16 -2.79 19.16 -6.25 -6.26 8.71 14.12 13.23 -2.39 0.86 -1.01 3.6 1.99 0.52 -6.27
199902 -7.83 -7.52 -6.01 -5.65 -5.68 -9.8 -9 -6.95 -10.37 -6.9 -9.02 -8.56 -6.18 -6.87 -4.96 -5.31 -3.6 -3.05 -3.64 -2.36 -5.08 -0.78 0.4 -0.35 -3.45 -3.75 -1.34 -15.97 5.05 -0.16 -1.27 1.95 0.23 1.12 -8.4 -7.64 -5.42 -3.2 -4.54 -4.83 3.6 -1.26 6.28 -3.52 -3.78 -2.91 -9.41 -12.27 -1.74 -1.09 -7.27 -1.05 7.05 0.67 0.82
199903 -3.52 -5.41 -1.72 -3.8 -2.94 1.03 -0.83 0.74 -1.65 -2 3.92 3.84 1.72 -1.48 -0.6 3.56 2.21 3.64 -0.22 0.34 4.96 1.5 6.67 3.74 0.88 -3.3 -1.65 -8.93 -5.01 2.93 4.95 1.49 2.55 3.49 -6.54 5.61 -2.49 2.03 9.22 -1.37 4.42 -0.04 29.83 14.82 -1.69 -0.69 11.47 5.13 1.54 3.02 -3.6 3.75 3.39 3.07 -2.14
199904 7.81 7.56 13.22 10.51 9.04 10.31 8.05 9.36 9.13 7.67 7.41 13.18 10.69 9.47 8.24 6.57 10.98 9.57 9.01 11.19 -0.25 7.71 9 7.55 6.23 0.99 5.03 0.07 4.89 5.8 4.23 8.6 -5.54 22.05 9.1 1.53 30.67 16.28 -2.89 10.52 14.46 20.24 22.95 15.58 7.18 8.29 -1.86 6.4 20.01 11.71 4.82 -0.34 -0.5 6.33 17.41
199905 2.26 3.56 0.81 2.79 5.35 1.03 3.15 0.47 3.7 5.22 -0.06 -0.78 1.3 1.33 4.46 3.12 -0.62 1.97 0.83 1.53 -3.58 -1.03 -2.37 1.7 -0.75 3.88 -0.63 9.96 -5.55 -1.46 -3.01 -2.55 -2.05 -5.81 2.39 -0.65 -7.39 -1.75 -2.56 -6.02 -1.95 -10.27 -12.25 -2.68 6.72 1.04 -2.16 0.38 -4.2 -4.85 3.1 -3.43 -6.96 -3.56 -0.09
199906 6.66 8.03 7.72 6.1 6.44 8.48 8.47 4.25 6.21 5.92 4.36 4.45 3.81 3.02 3.71 7.34 8.89 3.06 3.66 1.54 6.68 5.1 3.76 -1.61 -1.67 0.69 -4.31 4.86 5.46 4.03 1.33 1.59 4.49 2.51 3.57 -7.81 8.84 9.38 10.54 -1.27 6.88 8.39 -23.06 -0.51 -4.29 5.84 8.86 13.11 3.75 0.95 5.8 8.93 3.68 2.83 3.29
199907 1.05 1.96 0.79 1.88 1.66 -2.15 -0.78 -1.04 -2.65 -3.66 -3.42 -2 -2.3 -1.17 0.38 -2.57 -2.38 -0.84 -0.94 -0.89 -3.12 -4.04 -2.1 -4.25 -5.3 -3.91 0.26 -6.88 -6.57 -0.42 -1.07 -9.89 -4.44 -0.01 -3.77 -0.71 -1.15 -0.22 -2.9 -7.22 0.01 -8.67 -10.65 2.11 -0.61 -1.61 -6.49 2.4 0.29 -2.29 -0.65 -6.21 -2.59 -5.76 -17.77
199908 -2.54 -1.76 -2.69 -1.94 -3.4 -3.96 -4.51 -2.73 -3.65 -3.63 -2.27 -5.78 -4.26 -3.16 0.46 -1.88 -4.49 -3.86 -1.79 -4.31 0.72 -3.92 -1.63 -1.55 -0.51 -2.29 -3.85 0.55 -1.87 -9.44 2.62 -11.12 3.72 -5.78 -8.52 -2.03 -0.43 -0.17 2.32 4.25 -2.33 0.64 11.45 1.58 0.62 -7.56 1.4 7.96 -3.74 -8.26 -5.08 -6.27 -4.1 -5.24 -8.15
199909 1.94 -0.59 -0.73 -3.13 -4.33 -0.19 1.74 -0.87 -3.18 -0.65 3.35 1.05 -2.09 -4.47 -2.68 2.11 -4.12 -3.77 -4.56 -1.86 -1.93 -3.52 -6.53 -7.59 -7.12 -4.68 -14.94 -6.91 -3.1 1.33 -9.76 4.7 -7.09 -5.45 -13.59 -11.37 -2.54 -0.25 4.75 -6.75 -6.11 5.94 -11.02 -3.65 -4.31 4.4 3.07 -2.62 -3.64 -6.35 -5.76 2.83 1.76 -5.26 -6.75
199910 -0.24 0.53 -1.27 -1.18 -2.68 2.48 -0.22 -0.13 -2.54 -5.57 3.07 -0.8 -0.87 -0.12 -0.57 8.34 1.13 2.13 2.61 4.79 6.99 9.72 4.46 3.69 5.98 8.69 16.41 -24.93 1.36 10.15 11.54 0.25 10.78 2.24 2.57 0.57 0.79 -5.6 12.44 2.77 0.03 -4.09 24.43 -2.45 2.17 9.51 2.9 3.43 4.21 7.71 -7.06 6.28 -4.49 14.01 -8.36
199911 19.66 11.17 10.7 6.04 6.72 11.98 7.27 6.99 1.98 2.62 12.35 5.26 -0.65 -0.89 0.92 11.47 -0.53 -1.1 0.15 1.42 4.43 -0.7 -1.77 -6.16 -3.92 -6.69 8.85 3.52 6.62 -8.09 0.12 -10.36 1.5 -0.73 2.13 2.76 7.24 0.1 -3.44 -2.99 -4.37 0.96 -1.47 3.98 -7.45 4.34 10.25 14.41 -0.74 -5.19 4.08 4.14 4.78 -3.45 -1.3
199912 24.36 24.66 10.5 8.42 8.17 17.3 11.07 7.16 1.26 7.64 16.7 6.58 1.22 2.48 4.05 20.73 3.72 3.01 5.2 4.39 8.24 1.5 2.64 0.17 -1.81 -5.67 -8.83 -10.15 7.1 12.76 4.17 3.92 -5.64 6.64 2.56 2.73 22.02 7.33 17.51 2.89 3.44 6.7 19.73 -0.22 -2.34 4.21 23.82 17.84 6.59 -0.15 6.55 8.15 -7.28 -0.92 9.42
200001 9.97 6.09 2.47 5.33 4.52 1.27 -3.48 -0.37 -0.39 -4.22 -3.79 -3.93 -3.26 -3.06 -5.12 -3.81 -3.36 -4.24 -3.32 -8.04 -5.18 -4.21 -1.67 -5.84 0.99 -8.36 -2.28 -8.62 2.29 -0.92 -6.51 -11.38 7.56 -9.33 -7.64 -9.75 -2.77 2.26 -12.49 -0.6 -9.3 -6.28 40.52 -1.38 5.75 -3.98 -9.69 -0.64 -8.61 -9.59 9 -14.53 -7.39 -4.42 -4.1
200002 39.85 38.56 27.11 19.3 14.02 27.45 17.1 8.45 10.23 10.93 24.69 8.53 2.96 -1.76 -0.39 25.91 0.26 -0.6 4.12 -6.73 0.55 -5.31 -7.92 -11.19 -9.11 -6.89 -11.64 -4.01 -1.77 -0.71 -11.57 -12.78 -2.88 -7.29 -5.84 -5.96 6.84 3.2 -0.72 -8.16 -7.01 -3.02 -3.45 -5.61 -7.26 -3.46 7.53 25.15 -11.18 -5.35 0.78 -3.93 -12.03 -8.48 -0.59
200003 -14.11 -19.79 -8.63 -2.97 -3.06 -13.71 -4.18 -1.88 -0.91 0.35 -14.61 5.09 10.86 5.17 11.51 -3.18 12.05 16.1 9.4 12.62 9.63 10.07 9.87 14.93 7.72 9.74 0.13 5.11 10.52 12.93 -14.27 25.06 0.28 12.17 5.35 11.6 3.49 11.85 16.89 9.63 10.01 3.44 -7.24 13.91 5.77 7.53 2.72 4.56 8.16 12.87 6.9 14.36 15.98 16.68 -0.18
200004 -23.51 -16.62 -12.13 -8.28 -10.52 -13.14 -8.14 -3.88 -0.25 -4.15 -9.88 0.77 -2.36 4.18 0.27 -7.22 -2.22 1.59 1.24 1.59 -4.55 -3.23 -0.22 5.9 9.97 -3.91 3.68 3.79 2.2 -7.34 4.29 4.3 5.25 -3.73 6.48 1.48 -0.84 1.44 0.57 11.77 5.12 -4.67 -15.33 -1.01 7.6 -7.9 -16.5 -6.32 -0.57 3.48 -1.29 -5.6 3.82 -4.25 8.2
200005 -13.97 -7.41 -7.14 -7.33 -7.28 -10.18 -6.08 -5.41 -5.12 -1.77 -4.7 -3.48 -1.49 -1.17 2.97 -7.5 0.19 -4 2.84 -1.05 -3.85 1.62 2.19 -0.63 -2.92 15.74 11.87 19.51 1.19 -5.93 2.79 -5.04 3.94 -0.1 -3.28 -6.51 -4.92 -7.1 0.41 -15.37 -0.69 1.02 -12.62 10.86 3.9 -10.45 -8.96 -11.65 -1.65 -3.63 2.04 -3.04 -4.21 5.06 5.23
200006 29.52 26.47 17.48 18.57 8.08 15.4 9.52 5.28 6.15 6.16 15.2 0.72 1.05 -2.21 2.49 10.87 4.18 -4.78 -0.95 -5.76 6.2 -5.68 -6.1 -7.71 -8.83 2.35 6.05 2.96 0.18 -0.1 -2.54 -6.77 11.52 -6.48 -9.88 -0.63 15.33 1.08 0.77 -12.15 -10.37 -4.84 14.8 -6.16 -4.76 4.21 11.31 13.5 -5.48 -1.95 -1.94 -2.14 -3.76 -4.01 1.61
200007 -8.43 -1.96 1.16 1.54 1.46 -7.78 -0.64 1.35 1.79 0.71 -10.22 -0.15 3.58 3.22 8.35 -7.27 -0.93 2.43 4.1 2.96 -3.03 1.56 3.15 6.38 3.21 -0.88 6.57 -4.39 -1.14 -1.19 -2.65 5.98 -6.16 -0.04 4.85 -3.92 -6 -0.87 -0.56 4.6 7.01 -6.52 11.38 -2.64 4.43 -7.36 -7.82 -3.35 4.41 6.61 4.05 -2.09 -1.96 8.9 -1.32
200008 9.27 7.74 4.84 5.73 4.51 7.95 3.65 5.48 5.87 6.72 8.69 9.85 5.81 9.01 4.04 13.53 5.99 5.32 7.41 6.82 7.38 8.41 8.61 4.24 8.68 -2.66 -10.83 19.03 5.71 2.82 3.5 2.53 3.58 1.87 -3.65 6.25 24.57 8.27 6.83 4.97 10.23 5.22 17.76 8.9 11.72 -1.04 10.76 12.86 2.12 -3.57 10.02 -5.27 -0.69 10.19 13.03
200009 -10.47 -1.33 -2.95 0.06 -0.8 -4.71 -2.91 0.09 0.33 -4.29 -10.25 -2.58 1.18 1.95 -0.26 -9.02 -0.83 -1.54 1.58 0.55 -6.24 -1.57 2.96 8.35 -0.49 4.9 5.46 0.87 -8.27 -0.67 -1.73 -1.23 3.72 -4.77 5.55 -2.56 -12.11 -14.06 -10.95 -5.02 7.43 -5.72 -13.72 4.43 9.63 -4.03 -9.16 -17.9 -5.67 -1.31 3.61 2.55 1.58 2.29 -1.14
200010 -12.04 -9.34 -3.8 -5.36 -4.32 -8.84 -1.9 -0.69 0.41 -1.71 -10.11 -2.53 0.13 0 3.43 -5.54 1.98 3.01 0.45 -0.77 -2.1 0.33 -3.04 1.14 3.13 6.07 8.99 22.8 -4.98 -1.78 10 4.27 2.6 4.89 -3.03 5.36 -12.04 -0.05 -10.65 2.19 14.16 -5.11 7.16 -3.08 -2.24 -0.37 -6.98 -6.75 10.71 7.69 -2.36 -1.73 4.32 -0.32 -5.17
200011 -20.85 -12.31 -5.33 -4.62 -4.62 -17.96 -6.25 -3.9 -2.45 -4.44 -19.81 -8.26 -3.26 0.29 2.74 -17.8 -2.11 0.39 1.84 1.2 -10.57 -6.95 -5.64 -0.24 -2.61 4.44 4.2 4.07 -14.27 -5.27 0.17 4.07 0.79 -0.84 -0.47 -2.13 -15.66 -8.73 -9.5 -13.21 -0.74 4.03 9.24 -2.98 3.1 -15.58 -19.32 -24.89 -0.34 0.85 -6.72 -0.7 5.12 -5.28 -8.11
200012 -9.94 0.96 1.77 3.11 2.95 -0.29 7.8 12.99 10.88 11.26 2.51 13.03 12.81 15.35 5.63 4.39 9.51 11.73 11.5 12.48 -1.55 9.14 7.06 7.32 2.13 5.51 -2.57 16.96 4.47 10.41 3.15 15.85 3.53 12.2 6.55 11.74 1.87 7.73 6.06 1.48 0.07 5.8 44.04 7.62 6.58 -4.22 -6.45 -8.19 10.9 2.23 12.67 4.31 2.39 10.1 -0.9
200101 27.33 17.63 12.87 11.51 13.41 14.55 8.78 4.02 4.42 6.79 12.63 3.21 -0.18 -3.1 5.5 7.11 1.83 -0.54 -2.37 -0.97 3.35 3.67 3.98 -1.95 -1.65 -4.17 -4.75 0.07 15.87 2.81 -3.97 3.64 -8.94 -4.13 13.59 -1.66 5.92 11.04 3.53 14.89 -5.65 1.58 -2.48 -3.39 -10.77 14.26 18.21 14.09 -3.39 5.66 -1.65 9.95 -3.76 -0.49 -3.31
200102 -13.79 -7.53 -2.2 0.49 -0.12 -13.54 -3.14 -1.24 -0.71 2.36 -16.88 -4.81 1.26 0.71 0.78 -14.6 -2.28 -0.73 1.15 0.95 -12.06 -3.61 -1.06 3.27 4.09 1.3 -6.25 9.47 -3.43 0.13 -1.08 -11.7 -0.5 -1.03 -1.56 0.4 -23.39 -9.95 -14.37 -0.78 3.36 2.51 23.09 0.01 6.24 -9.95 -15.86 -31.78 2.45 -6.67 -4.64 -6.21 -0.04 -5.29 1.38
200103 -11.95 -1.23 -0.74 -0.94 -1.49 -5.89 -0.47 -1.78 -2.29 -0.73 -11.71 -4.92 -3.27 -2.77 0.84 -11.27 -3.35 -1.81 -1.52 -0.12 -8.57 -2.2 -1.09 -3.3 -1.52 -3.36 -9.39 -0.14 -7.98 -6.58 -8.86 -1.2 -8.44 -4.91 -4.16 -1.09 -8.41 -8.44 -11.89 -2.28 -9.27 -2.52 18.9 -0.41 1.64 -5.85 -12.81 -13.84 -6.07 -1.15 -5.97 -2.03 -5.01 -3.04 -7.66
200104 8.82 7.03 2.64 4.32 5.94 10.89 5.3 6.79 4.07 5.59 11.61 9.4 5.27 4.28 5.81 15.99 7.28 5.03 8.98 6.87 9.16 5.11 3.18 4.35 3.72 -1.73 -2.2 5.67 13.25 4.92 1.77 6.86 3.99 6.41 5.65 2.03 13.33 17.25 10.86 7.17 12.64 7.3 8.44 10.33 5.46 2.66 18.8 15.87 5.97 3.11 8.03 4.98 6.84 3.97 12.77
200105 12.93 11.29 8.27 12.64 10.17 2.53 2.94 3.04 4.62 5.22 4.63 0.86 2.21 1.05 1.77 3.24 4.49 2.18 2.37 2.27 0.18 1.63 0.74 0.43 4.7 2.61 4.71 2.25 10.21 3.32 5.38 3.66 3.03 2.59 2.23 1.94 0.24 2.36 3.94 -4.28 2.4 9.96 -13.58 0.17 0.01 -1.31 1.26 -6.58 1.59 4.6 -0.35 1.64 4.19 3.84 1.29
200106 2.28 3.49 3.83 3.19 0.1 6.74 11.22 5.75 6.34 3.06 5.25 -1.5 2.76 0.77 -2.33 3.87 -0.6 -1.24 -5.2 1.39 -2.21 -3.33 -1.13 -0.96 -1.63 -0.87 -4.94 -0.57 -1.35 0.79 0.85 -2.45 -2.85 -2.4 3.78 0.4 -7.02 -4.65 -7.85 4.3 -13.64 -4.16 -16.55 -7.67 -6.22 -3.07 4.07 -1.51 -4.17 -3.11 -1.97 -2.5 -3.78 0.69 -0.75
200107 -9.66 -7.29 -0.32 -0.22 -0.51 -10.17 -7.79 -6.05 -2.6 -4.16 -9.02 -4.61 -2.3 0.13 -0.49 -4.88 -1.82 1.3 0.38 1.5 -1.6 0.01 -2.5 -2.83 3.6 3.37 0.8 -9.19 -6.11 -0.43 4.41 0.59 2.3 -3.37 8.91 -0.77 -2.16 -2.52 -4.81 3.75 3.38 -5.58 -15.65 -2.46 -3.66 -0.73 -9.36 -4.47 5.79 -0.18 0.18 5.42 3.91 -0.71 -9.04
200108 -8.51 -4.98 -2.93 -1.29 -0.98 -9.73 -5.29 -1.49 -1.84 -1.11 -7.43 -3.04 -3.08 -1 -0.86 -7.54 -4.18 -3.27 -2 -7.08 -7.28 -4.32 -4.44 -5.11 -7.96 3.22 6.1 4.66 0.81 -4.24 0.99 -3.46 -3.11 -0.99 -2.55 0.48 -6.13 -5.33 -2.61 -14.21 -5.61 2.39 7.31 -3.66 0.42 -9.26 -12.24 -11.2 -1.96 -4.34 -4.19 -8.42 1.2 -5.68 -5.22
200109 -16.74 -14.44 -9.46 -9.72 -13.73 -19.26 -14.84 -12.63 -14.71 -17.24 -15.56 -14.24 -11.12 -12.2 -18.96 -16.12 -13 -10.84 -13.64 -13.27 -7.35 -9.34 -8.69 -4.95 -5.88 0.45 -3.22 2.92 -16.13 -8.18 -5.23 -16.91 -0.59 -9.59 -17.83 -13.92 -21.99 -19.8 -13.46 -17.79 -24.14 -2.11 -15.78 -5.59 -6.39 -2.46 -12.93 -24.55 -8.63 -15 -8.08 -9.98 -13.14 -5.92 -11.18
200110 8.97 8.21 6.61 4.37 4.15 11.32 8.76 4.74 3.03 3.98 13.54 7.26 2.83 3.93 9.94 8.96 2.65 1.53 2.87 2.96 3.46 -1.05 0.31 -0.5 -10.11 1.25 1.34 -2.82 8.24 0.02 1.16 7.58 1.18 3.42 5.59 6.37 2.42 10.64 2.66 -2.31 4.28 -4.04 29.31 4.61 1.41 -9.42 10.52 19.54 1.31 3.25 -7.84 3.53 2.86 -1.38 -0.85
200111 7.4 8.75 5 6.25 6.8 10.86 7.57 6.82 9.92 11.65 9.48 7.37 7 8.34 11.63 10.67 9.32 7.09 9.21 7.83 7.9 7.2 5.6 5.94 13.42 0.6 0.01 1.19 10.37 9.57 6.01 9.65 5.04 10.96 7.08 7.21 15.74 7.77 9.95 17.84 8.07 3.95 -14.33 -4.03 -1.63 6.03 11.84 20.41 9.51 11.63 -2.66 13.14 5.91 7.17 5.75
200112 12.22 6.88 5.88 5.73 7.46 8.15 5.97 6.82 7.69 8.08 5.34 6.12 6.46 5.89 6.72 3.7 4.57 7.01 4.71 3.2 0.04 2.23 2.76 0.37 2.05 2.61 1.62 -1.72 4.62 3.58 1.74 7.18 -2.88 -1.01 12.68 9.02 -2.61 6.51 5.34 -4.07 5.17 3.8 9.95 6.13 3.85 2.75 3.15 -4 2.42 1.59 2.05 4.98 4.13 2.88 4.4
200201 -7.67 0.2 2.04 3.6 5.1 -6.19 -2.48 0.86 0.77 1.45 -4.83 -1.56 -0.73 1.46 3.94 -3.16 -1.22 1.25 2.21 -1.4 -0.63 -1.79 -3.11 -0.02 -4.44 2.42 -3.76 8.45 4.37 0.56 2.64 5.43 -2.36 -1.3 3.56 0.46 -0.21 2.04 1.1 3.19 5.41 2.05 -9.24 -2.92 -4.07 -7.22 -6.81 3.33 0.25 6.66 3.77 2.24 6.27 -1.33 -6.49
200202 -10.06 -6.09 -2.97 -1.5 -3.54 -9.89 -4.54 -0.59 0.7 -0.14 -7.32 -1.17 1 -0.26 2.69 -4.77 1.8 1.46 -1.64 3.5 -2.7 0.68 0.8 -5.48 -6.85 1.91 8.14 5.04 2.01 7.06 2.53 -0.98 -0.51 4.67 6.6 4.21 -0.01 3.87 -0.56 5.64 8.31 4.34 -0.7 5.24 -0.25 -2.39 -8.2 -16.93 5.21 1.94 -2.92 0.43 -1.32 -1.12 2.66
200203 5.7 9.76 6.9 8.27 9.72 8.72 8.17 7.98 8.6 12.37 8.39 6.24 7.45 7.9 9.49 6.45 7.11 5.74 5.67 6.86 3.02 5.4 5.04 6.86 3.48 1.15 8.3 1.58 7.79 5 4.61 4.93 0.46 5.17 2 1.86 6.02 9.87 5.27 7.9 3.1 8.2 14.67 7.77 10.04 0.32 4.1 9.66 1.86 3.14 4.93 1.53 5.4 6.5 -0.53
200204 -8.8 -0.46 1.94 4.23 5.6 -4.76 0.99 3.89 3.83 5.02 -4.75 1.16 2.1 0.38 -1.1 -3.32 0.52 -0.08 -2.05 1.82 -7.84 -3.3 -0.87 -1.96 -12.37 2.2 5.03 3.29 4.42 -2.08 0.15 1.47 -7.59 -5.08 8.7 4.33 -7.04 -2.5 -1.27 1.52 -3.35 0.64 -7.14 -4.4 -0.56 -12.7 -14.95 -8.3 2.14 -4.67 1.18 -2.19 3.96 -1.34 -12.19
200205 -6.95 -5.56 -1.13 0.74 0.08 -7.75 -5.02 -4.08 -3.67 -5.71 -6 -3.45 -2.98 -2.22 -3.17 -3.15 -0.09 -1.28 -1.1 0.93 -1.31 0.17 0.47 -0.2 -1.84 2.53 -0.5 4.53 -3.83 -0.41 -0.17 -1.77 -2.23 1.78 0.78 -2.55 0.28 -4.34 2.31 0.97 0.56 7.77 5.54 -0.63 -6.47 2.98 -3.43 -3.11 0.42 -0.15 -3.88 -1.27 0.01 -0.21 -1.21
200206 -8.55 -6.13 0.26 -0.37 -0.66 -8.42 -4.47 -2.22 -0.73 -4.02 -7.42 -7.06 -6.33 -3.71 -7.48 -9.52 -7.05 -7.55 -5.73 -8.33 -7.51 -4.67 -7.17 -6.59 -14.85 -3.17 -0.27 -22.05 -6.45 -4.21 -2.96 -1.75 -9.6 -1.06 -3.93 -2.28 -5.28 -7.43 -7.35 -9.44 -0.38 -8.96 -6.33 -0.39 -5.36 -14.39 -7.04 -18.82 -2.86 -0.13 -5.73 -5.14 -4.3 -4.7 -4.58
200207 -18.54 -16.72 -13.23 -10.59 -12.83 -16.24 -16.75 -14.1 -15.03 -21.13 -7.78 -9.44 -11.31 -14.26 -16.19 -10.18 -8.64 -9.88 -12.99 -14.57 -5.29 -8.79 -9.08 -9.53 -12.34 -9.13 -7.28 4.07 -15.06 -5.28 -2.6 -9.89 -2.55 -9.27 -22.52 -10.98 -20.34 -14.24 -8.8 -12.92 -8.25 -9.83 -30.2 -11.77 -12.3 -11.69 -10.26 -9.05 -5.93 -5.08 -9.84 -11.96 -9.52 -7.35 4.81
200208 0.73 -2.04 -1.18 -0.99 -2.59 0.4 0.3 -0.06 0.96 -0.5 -0.53 0.7 2.59 1.94 4.15 -1.11 0.37 -0.6 1.49 4.14 0.18 0.42 1.34 3.17 6.06 0.06 2.39 8.92 5.38 3.32 1.69 -2.04 0.66 1.89 -2.9 -1.38 -4.95 -0.67 -0.63 -1.8 -9.64 7.23 9.82 0.49 3.38 0.34 2.23 -3.37 -0.64 -2 4.62 1.98 -3.6 2.02 -3.91
200209 -10.6 -7.97 -6.97 -6.58 -7.89 -8.18 -7.57 -5.33 -8.24 -8.09 -7.96 -9.26 -8.57 -7.33 -9.82 -8.69 -9.14 -11.66 -12.82 -17.47 -10.77 -11.81 -9.45 -7.61 -8.45 -4.9 -5.53 -21.27 -4.73 -3.61 -2.59 -5.6 -5.86 -11.13 -7.58 -8.78 -18.49 -9.75 -9.08 -13.49 -9.48 -7.7 -8.14 -8.13 -10.86 -9.32 -14.11 -17.8 -10.26 -5.08 -6.16 -9.49 -13.4 -10.84 -14.63
200210 5.14 5.33 2.64 1.57 0.95 9.5 3.01 3.31 1.22 -2.42 6.47 3.92 4.72 2.88 1 7.21 4.95 5.36 2.04 3.09 10.47 8.47 5.32 3.88 6.07 8.04 -0.4 4.9 10.87 5.62 3.07 8.97 5.69 5.71 3.88 3.01 6.66 9.75 5.73 -9.39 -0.1 -8.36 4.16 3.28 -0.68 21.34 18.73 15.4 3.97 2.46 5.47 6.44 -0.29 7.57 1.13
200211 17.45 13.19 9.25 7.89 10.01 14.17 9.39 6.83 6.56 7.36 10.03 7.72 6.04 6.59 9.15 9.77 7.33 9.64 8.33 11.88 4.96 5.02 6.11 4.65 8.16 -0.55 -3.06 -6.59 9.01 -1 -2 4.77 3.7 9.42 10.87 3.98 18.28 12.17 11.67 17.84 7.13 4.55 10.31 3.1 1.62 11.83 10.73 21.42 7.62 4.37 -3.27 2.9 5.77 3.52 5.98
200212 -10.26 -5.3 -4.21 -1.85 -2.56 -10.47 -7.01 -4.08 -2.78 -2.72 -7.75 -3.9 -3.49 -2.68 -5.8 -7.29 -5.2 -4.73 -2.59 -0.15 -7 -3.87 -4.52 -2.82 -6.8 0.7 -3.2 8.98 -13.81 -1.06 -0.04 -4.75 -4.06 -4.29 -4.65 -1.52 -10.4 -8.77 -3.79 -9.03 -2.8 10.16 12.11 0.67 3.85 -9.07 -8.45 -16.34 -5.13 -1.2 -2.61 -8.02 -5.28 -4.48 -7.01
200301 -0.79 -0.5 -1.82 0.66 -0.28 -3.16 -3.99 -2.15 -2.43 -1.68 -1.75 -4.08 -3.03 -4.62 -3.3 -1.72 -2.73 -0.13 -2.08 -6.32 -2.7 -2.57 -2.61 -2.56 -7.37 -5.9 -5.85 -6.25 -7.86 1.12 -2.43 -3.89 -0.59 -6.03 -3.82 -3.72 -5.06 -5.83 -5.03 -2.54 -3.47 -1.11 -14.24 -2.3 -3.17 -3.48 -2.18 -0.91 -1.38 -5.16 -2.39 -5.09 -5.87 -1.34 -5.14
200302 -6.13 -2.58 -1.73 -2.2 -2.35 -2.91 -1.29 -2.08 -2.87 -7.35 -3.74 -0.86 -2.49 -4.07 -3.26 -2.34 -2.7 -1.44 -1.4 -6.35 -0.67 -2.68 -4.82 -3.24 -4.49 -5.18 -0.83 1.24 -1.75 -4.82 -2.83 -2.35 -1.94 -4.21 -4.02 -0.13 2.28 2.1 -0.38 -6.33 -8.59 -7.43 14.54 1.88 -3.92 -6.44 -1.65 3.47 -1.61 -3.51 -3.43 -0.51 -4.69 -3.04 1.57
200303 3.4 -0.06 1.2 1.3 -0.62 2.74 0.11 0.37 1.69 0.21 2.89 0.28 0.15 1.55 0.36 1.4 -0.5 -0.39 2.06 -2.44 2.35 -1.12 1.47 0.75 -2.55 -0.55 1 -19.68 0.26 -2.22 6.49 6.38 3.79 3.43 -0.91 1.41 -3.26 -2.03 -3.58 -3.84 -5.47 -4.34 -3.51 1.22 4.35 -0.57 0.44 -2.3 0.8 3.26 -0.72 5.48 5.13 0.02 5.05
200304 12.24 11.03 7.81 7.28 10.08 10.43 9.88 9.12 9.2 9.68 8.94 9 8.9 12.15 10.78 9.07 7.74 8.2 9.98 7.75 7.89 7.56 9.84 7.57 12.19 4.84 2.2 2.71 14.48 8.15 3.47 7.16 4.32 9.98 11.85 7.79 10.36 8.73 10.69 19.07 9.08 6.59 2.27 -0.6 7.44 11.17 8.36 10.76 3.1 10.48 5.71 9.69 9.1 11.24 13.68
200305 19.84 14.87 10.68 9.31 12.34 12.14 12.16 10.4 8.51 11.92 8.97 8.66 9.16 10.06 9 10.02 9.82 9.82 8.83 9.3 3.89 7.23 6.58 6.69 7.48 5.1 10.2 32.47 6.56 6.51 2.86 4.24 3.91 0.85 4.21 11.49 13.01 6.04 6.9 3.72 11.35 11.71 25.44 8.76 10.11 6.22 5.9 13.93 2.68 4.04 6.8 2.5 7.64 5.69 -0.99
200306 5.56 6.09 4.49 3.8 6.3 1.73 0.11 1.5 2.46 4.09 2.47 2.13 0.46 0.22 3.43 1.05 0.72 0.25 -0.69 5.99 1.08 2.24 1.1 0.25 1.24 0.71 0.81 10.91 5.02 -1.57 -2.52 -0.74 4.11 -1.09 -1.88 -0.52 2.21 2.45 -0.08 3.25 6.42 5.36 0.71 -1.24 0.66 1.96 1.01 0.1 1.3 0.49 4.5 2.78 6.75 0.58 0.71
200307 8.64 8.15 8.53 9.06 7.83 9.47 5.12 6.21 6.93 7.35 8.04 4.83 1.45 3.8 2.97 4.48 3.36 4.35 5.02 -0.21 1.7 3.33 0.24 -0.73 0.33 -1.52 -1.82 -11.3 -0.58 -1.16 0.95 2.95 0.62 7.88 13.47 0.2 6.9 9.54 7.64 6.09 4.3 11.06 -12.55 -2.6 -5.25 -1.62 2.68 8.54 4.74 0.89 -0.84 4.32 2.25 4.52 0.24
200308 4.28 4.91 3.53 5.63 7.01 4.27 4.07 5.06 4.82 5.41 4.44 3.85 4.5 7.89 9.21 5.07 4.16 4.06 5.3 6.76 1.76 1.54 0.94 2.09 2.69 0.75 -2.03 2.53 4.9 0.9 1.06 5.62 -2.53 1.69 6.35 5.59 4.65 7.77 6.68 8.41 7.98 8.54 7.5 6.26 1.91 1.39 3.72 8.23 3.63 1.32 3.17 7.94 1.08 -0.75 3.58
200309 3.16 0.3 0.43 2.94 4.66 -1.43 -2.77 -2.32 -4.12 -0.5 -2.4 -2.82 -1.56 -2.25 -1.25 -1.73 -2.58 -0.26 -0.86 0.54 -0.71 -0.83 -1.91 -2.24 -2.9 1.64 -1.55 8.1 -2.78 -0.03 2.13 -0.84 0.23 -6.01 -2.96 0.02 -3.31 -7.72 -6.12 -5.02 -6.78 0.91 -2.34 -2.31 3.9 -5.66 0.59 -2.51 -2.12 -0.74 0.51 -5.82 1.92 0.66 -0.22
200310 6.35 7.96 8.53 10.88 11.44 9.84 7.12 7.48 9.67 10.4 8.82 7.74 6.84 8.58 12.82 8.49 9.02 7.62 8.26 7.88 4.29 6.92 8.1 5.52 3.08 3.55 5.7 6.14 4.15 7.58 4.43 11.59 0.72 6.62 3.32 11.21 19.24 12.24 9.99 9.08 11.09 13.93 9.76 1.46 1.58 6.69 3.17 13.14 7.87 10.07 4.79 9.86 6.88 7.07 -0.9
200311 2.48 4.34 4.13 3.94 7.11 1.81 4.24 2.74 3.96 4.19 3.08 4.1 2.43 4.95 2.32 1.38 3.14 4.24 3.79 3.06 0.67 1.21 0.98 0.43 3.11 3.05 2.35 11.59 4.69 2.12 -0.86 3.44 1.63 2.86 -0.83 4.81 3.54 3.76 7.35 3.81 -0.3 11.27 1.59 0.6 0.94 -0.63 1.11 3.08 0.97 -0.69 4.43 -0.47 3.87 0.7 0.03
200312 -0.09 2.52 3.57 1.57 4.35 1.48 2.4 2.44 2.04 4.91 -0.87 2.33 3.7 3.62 7.02 0.35 3.65 2.44 3.71 5.96 3.89 6.29 5.17 6.43 8.22 1.72 6.63 5.67 5.75 2.86 2.31 0.9 5.68 9.57 1.2 3.8 10.86 3.9 5.46 15.52 10.92 4.46 26.48 13.45 5.81 7.35 4.89 -0.01 9 1.57 3.34 -3.24 -0.36 4.26 8.22
200401 6.33 5.73 5.87 6.65 8.55 4.16 3.05 4.22 4.52 4.99 3.46 2.2 0.95 4.03 6.02 2.29 2.05 2.75 3.45 2.56 1.64 1.52 2.29 1.7 2 1.13 -2.9 2.05 0.23 1.36 2.24 -1.34 3.04 -1.93 1.14 -2.09 -0.16 -1.35 -0.43 -3.35 2.42 -9.94 -7.38 0.54 1.92 1.43 3.74 4.94 -3.5 -4.06 2.95 -0.2 0.41 3.31 6.05
200402 0.14 0.06 0.4 0.98 -0.08 0.61 1.83 0.46 -0.28 1.28 0.16 2.28 3.76 1.71 0.74 2.27 1.13 3.88 3.15 2.24 0.78 2.46 2.31 0.47 3.85 6.04 2.59 3.82 1.15 1.06 2.98 5.74 0.91 2.67 10.43 6.82 6.45 0.58 -2.5 -1.47 -0.72 4.23 7.11 4.67 2.06 -0.79 -2.69 -2.74 3.45 0.08 2.26 6.75 7.12 2.79 -1.97
200403 -1.79 -0.78 0.04 0.18 -0.73 2.4 0.96 -0.06 1.13 1.78 1.99 0.43 0.13 0.76 0.2 -0.29 -0.01 0.42 0.18 -1.57 -2.17 -1.44 -1.3 0.23 -1.8 1.01 -0.21 -4.03 1.44 -0.2 1.57 3.33 -3.91 -1.67 -2.29 3.82 -4.46 1.15 -0.49 -1.9 -4.73 2.75 6.95 -0.24 1.17 -2.42 -1.48 -2.54 0.67 -0.54 2.18 -0.13 0.78 -0.64 -4.74
200404 -4.37 -4.58 -3.83 -4.56 -6.22 -4.63 -4.09 -2.55 -4.51 -7.35 -2.29 -3.07 -3 -5.31 -5.84 -2.43 -4.23 -2.72 -3.45 -3.27 -0.04 -2.01 -3.37 -2.6 0.48 3.08 0.38 1.91 -2.33 -0.08 2.24 -2.13 3.57 -0.62 -3.49 -3.84 -8.77 -2.55 -1.78 3.59 2.5 -18.18 2.92 2.48 -3.51 -0.49 -0.65 -8.12 1.24 0.21 0.91 -3.21 -0.84 -4.52 -1.44
200405 -2.06 -0.4 -0.12 -0.48 0.95 1.98 1.3 1 1.51 3.25 1.48 2.83 1.73 1.16 1.67 1.58 2.06 2.37 1.94 3.26 1.76 0.84 -0.06 -0.21 0.43 -2.11 2.25 -12.61 0.8 0.44 1.51 0.04 -0.38 0.61 -4.85 2.16 5.78 2.01 1.08 -2.9 0.91 6.03 6.63 0.35 1.28 -2.9 2.52 6.87 0.55 2.18 0.16 0.71 -3.01 1.83 3.45
200406 1.41 4.58 3.64 3.57 4.21 2.7 5.62 5.89 4.78 9.08 1.91 4.48 3.15 1.59 5.09 1.18 2.99 2.26 2.86 4.94 1.16 1.86 1.19 2.16 2.84 2.75 -0.22 6.03 3.47 -1.94 2.3 4.62 -0.38 5.43 2.99 1.3 9.4 5.96 6.85 5.3 8.95 2.21 13.81 5.39 2.01 0.6 3.68 1.18 5.17 6.16 2.88 -0.34 -0.46 0.59 5
200407 -12.73 -8.15 -5.97 -5.81 -3.84 -9.61 -7.51 -4.3 -5.93 -3.25 -9 -5.97 -3.42 -1.55 -4.24 -6.5 -4.78 -5.47 -5.67 -0.15 -4.75 -2.31 -1.84 -0.78 -1.5 -5 -10.02 -3.75 -6.19 -4.33 -5.28 -5.12 -5.87 -3.33 -1.91 -3.67 -0.2 -5.88 -8.63 -3.65 0.95 2.23 -1.56 3.36 1.05 -1.28 -6.15 -10.13 -5.32 -4.56 -11.3 -3.41 2.43 -2.31 0.69
200408 -1.31 -1.05 -0.96 -1.56 -2 -4.44 -1.58 0.76 0.03 0.86 -2.29 -1.22 0.61 -0.15 -0.69 -1.32 -0.94 0.27 -0.51 1.12 -0.46 1.86 0.91 0.87 0.5 0.16 1.89 3.19 -1.38 0.09 4.49 0.4 1.66 2.99 1.01 4.2 -0.27 -2.52 0.12 -3.41 0.02 7.1 -5.02 -1.19 3.67 1.29 -2.82 -5.75 0.13 -0.52 -2.44 -0.74 -2.59 3.1 -0.98
200409 5.11 4.6 5.03 4.19 3.61 7.75 5.07 5.75 4.51 4.11 4.35 3.46 4.13 3.89 2.73 2.87 3.24 4.38 3.89 2.35 0.07 1.11 3.06 1.26 3 -0.52 -7.9 -2.48 4.3 1.37 -2.89 2.85 -1.42 4.34 3.01 4.79 7.8 5.95 2.48 2.11 0.58 7.16 8.64 8.89 1.42 1.36 4.24 2.25 -0.12 3.25 0.01 2.86 4.68 0.21 2.5
200410 1.98 2.01 2.8 0.38 0.52 3.54 2.73 0.9 1.09 2.78 2.34 4.51 1.36 -0.11 1.78 3.54 3.22 2.37 0.5 -0.1 1.42 0.86 2.28 0.23 3.26 3.73 1.14 2.84 2.44 2.27 -3.47 4.73 -2.41 0.48 6.02 1.18 -3.55 -0.88 3.2 -4.29 -2.35 -2.43 -0.45 0.67 4.23 3.42 4.25 5.25 -3.35 6.42 2.64 3.37 2.84 0.57 1.41
200411 10.5 8.73 8.12 7.13 10.65 7.66 8.75 9.16 9.86 11.6 5.41 6.6 7.38 8.57 8.87 5.19 6.56 7.43 10.18 7.56 2.57 5.44 4.45 4.44 5.62 3.29 -0.68 17.4 6.93 2.71 4.06 4.12 0.66 8.76 5.4 6.89 12.82 7.74 7.9 8.11 6.76 4.24 25.42 6.31 4.92 3.44 6.45 5.38 5.79 5.88 8.44 2.36 7.52 4.7 4.65
200412 5.13 4.83 3.18 3.91 6.26 3.87 3.43 2.08 2.68 3.76 5.5 4.07 1.67 2.22 3.53 4.23 4.52 4.7 3.11 3.16 3.73 3.27 1.33 4.03 3.74 5.04 4.36 7.48 7.73 1.37 4.2 5.82 5.66 2.83 4.1 6.31 -1.73 3.39 4.14 4.96 0.54 -2.7 -3.03 -2.08 2.41 4.33 3.23 3.2 3.62 3.81 5.89 2.99 5.04 4.24 3.38
200501 -6.31 -4.4 -3.16 -3.64 -1.13 -5.71 -3.24 -3.07 -2.66 -3.21 -3.49 -3.65 -3.49 -0.43 -2.29 -2.81 -4.38 -2.17 -2.65 -1.18 -3.44 -1.41 -0.56 -2.37 -1.13 -0.09 -0.67 4.36 -4.56 -3.36 -1.28 -2.65 -4.06 -1.47 -3.35 3.76 -0.4 -5.2 -0.99 -8 -1.15 -2.74 4.55 2.98 1.76 -3.91 -5.73 -5.85 -3.16 -7.83 -2.72 -1 0.36 -2.14 -1.43
200502 -1.63 -0.09 -0.09 2.01 2.99 2.54 0.95 3.15 5.1 2.87 0.74 1.94 3.4 3.76 2.58 2.15 1.64 3.15 5.15 3.78 0.49 4.3 3.76 0.77 4.3 -0.93 1.46 3.12 -1.05 0.15 -0.07 1.99 2.48 8.29 0.14 3.36 9.7 6.82 2.12 -0.33 4.25 10.99 14.13 19.13 2.32 -0.14 -1.54 1.34 2.41 2.67 3.08 0.36 1.26 -0.23 -0.63
200503 -5.7 -2.84 -3.03 -2.2 -2.83 -4.05 -2.2 -1.94 -0.54 -2.73 -1.96 -2.31 -1.99 -3.62 0.25 -1.72 0.08 -0.58 -2.56 -0.64 -1.03 -3.73 -1.69 -0.82 0.59 -1.19 -0.99 0.31 -0.64 -1.5 -0.6 -1.23 -0.41 -2.05 -6.46 -3.96 -7.45 -3.25 -2.14 -8.53 2.3 -6.13 -3.52 -3.27 0.63 -0.12 -2.13 -2.36 -0.62 -1.79 -1.85 0.45 0.18 -3.23 1.5
200504 -5.99 -6.26 -5.04 -7.21 -6.46 -7.38 -6.24 -5.55 -6.8 -5.84 -5.29 -3.86 -5.63 -5.18 -3.81 -3.79 -4.33 -4.44 -3.99 -2.23 -0.97 -1.97 -3.74 -0.35 -2.71 -0.11 2.19 -1.34 -4.72 -3 -2.81 -7.36 3.95 -7.46 -6.34 -2.15 -9.76 -5.32 -8.22 -11.28 -0.85 -9.39 -6.14 -5.77 2.1 -1.98 -4.53 -4.41 -7.97 -5.6 -2.71 -5.73 -5.88 -0.93 -0.31
200505 6.86 6.11 4.76 3.23 6.06 9.71 7.17 7.19 6.37 6.16 5.91 6.25 5.4 4.4 6.31 6.1 5.67 6.86 5.6 4.92 3.93 2.49 2.69 1.63 3.12 1.92 2.41 3.18 4.29 -0.66 1.63 6.66 1.46 0.22 6.48 6.5 0.22 5.41 6.97 10.23 5.26 1.43 10.4 2.04 1.7 1.45 5.12 9.45 0.52 4.93 4.29 6.61 8.1 3.35 1.69
200506 3.7 3.5 4.57 4.87 5.02 2.23 4.1 5 3.95 4.3 2.15 2.39 3.32 3.9 3.87 0.97 2.05 4.67 3.25 3.25 -1.62 0.94 1.07 2.04 2.62 -2.01 -3.93 -2.34 -0.93 -0.42 -2.49 5.96 -0.57 -0.95 1.73 3.88 -2.95 0.17 -3.07 2.97 0.13 4.98 7.18 5.84 5.57 0.17 -1.2 -0.99 -3.17 -3.58 1.54 3.08 -2.44 2.46 -3.02
200507 7.97 7.1 7.04 6.72 7.55 6.35 6.66 7.74 6.51 6.89 4.41 5.99 6.7 5.87 3.96 6.13 5.41 5.32 7.46 4.28 4.69 1.96 2.79 2.5 5.14 1.6 1.66 3.58 3.47 2.75 3.36 3.01 3.73 4.62 2.88 9.48 13.16 10.37 6.42 7.55 2.45 3.79 20.96 5.82 2.99 2.98 5.22 6.53 4.99 7.81 5.27 6.05 4.49 1.74 -0.28
200508 -2.4 -0.77 -0.42 -1.59 -0.59 -2.19 -2.17 -1.06 -1.67 -1.61 -2.49 -0.46 -0.73 -1.57 -0.51 -1.68 -0.03 -0.54 -0.62 0.05 -1.78 -0.82 -0.02 -0.76 1.36 -1.58 0.48 4.54 -0.87 1.61 -1.05 -4.02 -0.33 -6.06 -2.2 -2.19 -0.77 0.89 0.49 -4.17 -0.06 2.97 8.75 5.64 1.16 -1.13 0.43 -1.53 -2.85 -3.52 -1.33 -6.58 -4.82 -1.45 -2.42
200509 1.11 1.4 0.59 0.87 -1.14 0.31 1.26 0.3 1.22 0.43 -0.69 1.48 1.31 0.28 0.25 0.25 0.98 -0.21 4.51 1.95 -0.4 1.32 1.39 1.16 3.11 0.65 0.55 4.74 -1.76 -3.46 1.28 -1.42 -1.95 -1.85 -4.5 2.43 3.06 -0.48 2.58 -6.43 1.53 14.3 9.44 6.99 4.39 -1.51 -0.05 1.4 -0.07 3.07 0 -2.14 -0.29 1.16 0.52
200510 -3.99 -2.75 -2.6 -2.08 -2.84 -3.81 -1.79 -3.41 -2.08 -3.67 -3.18 -4.36 -1.16 -3.37 -4.27 -1.18 -2.6 -3.42 -4.39 -4.24 -0.35 -2.41 -0.78 -0.29 -4.58 -3.46 0.58 1.7 -4.05 -6.26 -3.3 -2.06 -3.25 2.33 -4.03 -8.8 -4.35 -4.46 -3.71 -6.65 -4.49 -6.46 -9.86 -10.02 -6.85 -3.1 1.62 -4.52 0.78 2.96 -1.91 2.29 0.16 2.52 0.37
200511 4.97 4.81 4.81 4.04 3.24 5.96 3.49 4.69 6.15 2.45 7.22 5.67 5.05 4.11 1.38 5.61 4.87 4.7 3.76 2.58 3.92 3.95 3.74 4.02 0.59 -0.02 1.47 -2.62 5.27 2.57 3.05 6 1.57 3.38 5.08 5.68 12.82 7.17 6.61 -1 4.66 7.15 0.67 1.4 -0.19 2.56 5.48 7.31 7.49 7.48 4.46 3.79 6.79 4.49 4.71
200512 -0.43 0.21 -0.66 0.64 0.6 -0.09 -0.49 -0.72 0.11 -1.4 0.44 1.03 0.68 0.56 1.07 0.13 2.14 1.05 1.2 1.69 -1.03 0.24 1.12 0.2 0.11 -0.26 -2.14 4.21 -1.14 -1.65 1.53 0.06 2.39 0.58 0.88 -0.15 3.68 0.65 -0.55 -1.52 2.7 8.12 1.41 0.7 1.23 -1.58 -2.12 -1.37 1.45 1.11 1 -1.09 1.03 0.28 -0.36
200601 11.5 9.56 8.37 7.9 8.44 7.28 8.48 9.97 9.67 8.21 5.42 8.46 8.72 5.66 5.61 5.17 5.51 4.29 4.71 4.37 1.37 1.42 2.52 3.3 7.04 1.81 -0.66 -2.45 3.69 0.14 2.79 1.92 2.16 3.24 -3.25 9.88 14.94 10.69 6.93 5.11 2.01 17.43 15.14 12.63 3.05 3.72 3.06 4.22 -2.48 4.25 6.96 0.66 4.25 1.28 -2.84
200602 -0.57 1.33 -0.38 -0.99 0.48 -0.05 -0.36 -0.34 -0.69 -1.66 0.42 -0.91 0.09 -2.54 -0.41 0.73 -0.34 0.68 -2.43 0.11 -0.17 0.67 0.45 2.13 -2.89 1.48 1.95 -0.11 1.08 1.38 1.13 0.75 1.07 -0.27 3.37 -3.03 -2.95 -0.2 3.1 -2.47 5.02 -8.92 -8.53 -8.22 0.23 3.31 -2.71 0.56 0.91 1.08 1.61 1.31 2.18 1.59 1.93
200603 3.96 5.65 4.32 5.68 6.88 3.84 4.37 6.35 5.96 3.88 4.59 4.46 3.22 1.94 2.6 3.89 2.21 2.8 1.57 1.95 0.91 1.67 1.68 0.95 1.04 2.89 0.17 0.12 3.46 -0.21 -0.37 3.06 -0.96 1.3 -1.92 2.71 12.16 3.08 4.8 2.48 3.63 6.86 5.8 4.17 -3.64 1.83 2.95 3.08 3.04 4.81 4 2.17 2.43 0.63 5.26
200604 -1.38 -1.24 0.46 0.72 2.03 -0.7 0.58 2.73 0.84 2.08 -1.32 0.26 0.57 1.76 1.92 0.04 0.12 1.22 5.27 1.89 -0.74 2.36 2.61 2.1 3.56 2.04 0.89 3.34 2.64 -2.58 1.43 -1.32 -1.94 2.94 1.19 -0.32 7.68 5.85 1.17 -1.16 5.16 8.14 20.69 4.18 1.85 1.68 -1.27 -0.41 5.71 0.52 -3.14 -1.47 -0.24 2.78 0.29
200605 -9.26 -5.93 -3.68 -4.82 -4.2 -6.32 -6.01 -3.86 -5.39 -2.72 -6.02 -5.43 -4.08 -2.75 -2.49 -5.47 -3.11 -2.94 -2.21 -1.86 -2.88 -2.75 -2.83 -1.59 -1.07 3.54 3.84 -0.95 1.17 -2.5 -3.97 -5.27 -2.18 -2.24 1.49 -8.63 -4.59 -3.5 -4.16 2.47 -1.27 -11.19 -1.64 -3.44 1.52 -0.26 -5.99 -7.07 -2.53 -1.55 -2.19 -1.49 -3.5 -3.6 -1.12
200606 -1.04 -0.79 -0.99 -0.23 -0.02 -0.37 1.07 0.15 0.8 0.17 -1.13 0.01 -0.85 0.48 -0.29 -0.38 -1.91 0.4 -2.05 1.07 0.3 -0.86 0.16 1.1 2.91 -1.12 -0.87 2.95 0.79 -0.4 0.72 -0.29 -0.14 -1.16 1.44 -3.69 2.93 -0.94 1.79 1.77 -0.24 1.02 -6.1 2.87 2.41 2.86 0.89 -3.01 -2.83 4.08 -1.26 0.46 1.7 -0.41 -2.34
200607 -5.85 -3.35 -3.12 -2.61 -2.37 -4.91 -4.73 -2.69 -3.19 -1.9 -5.87 -3.68 -3.66 -1.79 -1.68 -4.7 -3.61 -2.33 -3.64 -0.32 -1.47 2.39 1.74 2.23 1.16 2.14 4.44 9.04 -6.98 -1.61 0.38 -2.84 4.27 -4.32 -3.56 -7.57 -4.16 -6.36 -6.06 -3.73 -3.22 -2.75 -12.59 5.27 4.87 2.31 -3.13 -4.89 -5.06 -11.74 -2.06 -4.75 -6.03 1.32 -0.19
200608 3.51 2.1 2.93 3.04 2.56 3.68 2.59 2.57 4.74 0.76 2.89 1.87 2.16 3.06 1.57 1.74 2.71 0.75 3.99 2.19 4.2 2.07 3.15 -0.37 0.7 2.82 2.25 4.31 2.44 4.04 6.57 3.91 2.29 3.9 1.7 1.57 -2.47 -0.41 0.81 3.21 -0.62 2.65 -10.43 -3.38 2.35 2.34 4.21 8.91 2.46 -0.74 1.57 2.15 2.95 1.49 3.78
200609 -0.19 0.5 -0.21 0.95 1.79 0.79 2.17 0.8 1.87 0.49 2.4 0.06 1.99 0.57 0.32 2.6 2.42 1.29 0.5 0.64 3.05 1.96 3.3 1.04 4.31 0.85 -0.13 -6.39 5 0.96 1.86 9.01 1.67 2.51 1.85 -1.86 0.02 0.16 3.57 3.34 3.73 -7.5 -15.05 -3.23 -2.15 3.36 4.24 2.99 2.09 3.83 1.37 6.43 7.06 3.66 3.89
200610 7.12 6.2 5.91 4.7 5.5 6.06 5.5 4.89 4.09 5.06 5.6 4.65 2.65 4.37 5.69 4.16 4.9 2.82 3.41 3.43 2.96 3.35 2.51 3.47 5.76 -0.06 0.43 5.42 8.71 5.72 3.27 7.97 1.66 5.76 0.52 5.33 10.99 2.81 5.1 3.9 3 8.25 14.51 4.81 5.36 5.36 6.41 2.28 4.95 6.15 4.98 3.08 7.72 2.1 1.05
200611 1.35 2.98 1.98 1.99 2.95 1.54 3.12 2.94 3.46 2.56 4.24 3.76 3.42 4.25 4.05 3.57 4.38 3.5 2.29 4.82 0.8 2.51 1.64 2.89 -0.14 1.24 -0.47 3.42 4.61 2.06 0.5 4.53 0.05 2.81 3.4 6.87 8.72 4.34 1.81 0.99 4.41 7.84 5.84 8.61 3.03 0.8 2.16 3.99 2.66 2.42 2.13 -2.3 1.66 1.03 1.33
200612 0.21 1.13 1.37 2.67 3.68 -2.2 0.05 0.34 0.76 1.16 -1.01 0.18 0.69 1.28 0.41 -1.12 0.51 0.33 1.49 1.79 -0.09 2.13 2.27 2.44 3.65 1.53 2.43 3.01 4.39 1.88 1.25 0.19 0.08 1.07 -2.23 -1.02 -2.69 0.09 -0.51 1.46 0.02 -3.12 -12.66 -1.82 0.7 4.23 -0.21 -1.19 1.03 -2.28 -0.37 1.75 2.16 3.81 4.47
200701 1.55 0.21 0.11 0.13 4.12 2.06 1.89 0.71 1 3.03 3.95 1.98 2.42 4.18 1.33 4.22 3.92 1.27 3.86 1.72 2.15 0.98 0.86 1.1 3.04 0.85 1.65 1.29 5.97 -0.61 2.13 2.84 3.5 3.74 8.55 2.33 9.73 1.62 3.31 6.08 4.13 6.87 1.53 -1.38 0.38 2.98 3.41 1.29 1.38 3.6 4.01 3.84 1.07 0.5 -1.68
200702 -0.69 -0.85 -0.77 -0.94 0.29 -1.03 0.14 -0.78 -0.93 0.53 0.54 1.07 0.64 -0.12 1.02 -0.8 0.66 0.31 0.38 0.81 -2.34 -1.39 -3.86 -0.69 -2.86 -1.5 -2.64 -3.51 -4.54 -0.12 -1.41 1.79 -2.8 2.15 5.17 -2.25 2.73 2.5 -1.36 0.85 -1.59 6.46 1.95 -2.26 4.25 -2.52 -3.44 -1.24 1.46 -0.78 0.02 -0.37 -1.57 -2.5 -2.26
200703 0.36 -0.02 1.39 0.93 0.78 0.72 1.47 -0.44 1.93 -1.37 2.81 1.63 2.16 1.68 0.91 0.77 1.22 0.19 1.04 3.44 0.36 1.49 0.96 1.96 1.92 2.79 2.48 4.87 -0.02 -1.52 -0.88 0.71 -0.22 2.04 -3.72 -3.1 6.1 2.46 -0.52 2.49 0.5 1.76 2.42 6.07 4.34 2.31 1.13 0.36 1.21 -0.09 2.76 0.3 1.17 -0.38 1.12
200704 3.2 0.47 0.39 -0.02 2.13 1.93 2.6 1.53 0.88 2.52 2.97 3.8 4.64 3.66 2.3 4.25 4.23 3.88 5.69 3.12 5.41 3.97 3.92 3.32 3.15 4.21 4.85 2.78 1.72 2.75 3.59 1.72 6.84 1.83 8.69 4.08 3.41 6.44 6.53 5.83 6.36 5.1 14.38 5.19 3.92 2.01 4.12 5.14 5.43 2.86 1.38 2.08 2.43 3.67 3.43
200705 1.9 3.56 2.53 3.21 3.08 3.42 4.58 3.45 2.36 3.15 6.83 5.22 6.26 3.5 3.78 4.2 3.92 4.25 5.14 2.55 2.53 3.9 3.52 3.52 5.65 1.23 3.41 2.62 1.55 6.55 -0.99 4.88 1.12 5.03 9.76 8.47 10.59 6.19 7.49 3.98 6.2 5.87 13.29 7.04 1.2 6.81 4.24 4.01 4.19 4.62 3.04 2.11 3.8 2.94 2.68
200706 0.43 -0.21 -0.89 -0.76 0.52 -1.53 -0.82 -2.05 -1.86 -2.64 -0.82 -0.32 0.09 -1.64 -3.01 -0.85 -1.86 -3.73 -1.39 -2.85 -1.61 -0.1 -3.38 -2.02 -2.01 0.69 -2.06 -0.06 -1.81 -2.53 -3.14 -0.3 -3.4 1.93 0.5 -5.03 -3.45 1.85 -0.61 5.14 -1.73 1.38 -8.55 1.29 -4.78 -1.72 -1.12 2.04 -0.85 -1.8 -1.68 -1.74 -4.09 -3.54 1.01
200707 -5.73 -6.33 -6.62 -7.14 -7.73 -4.87 -5.31 -5.74 -7.82 -9.17 -2.82 -3.31 -5.79 -6.41 -6.21 -2.36 -5.16 -5.89 -6.29 -6 -1.16 -1.92 -4.41 -5.83 -3.37 -4.39 -1.17 -5.12 -1.78 -7.54 -0.35 -4.59 -4.04 -0.71 -3.92 -4.69 -2.69 0.87 -0.7 -7.82 3.31 5.88 -13.44 -0.72 -3.82 -3.11 -2.98 -0.39 -2.32 -0.97 -4.75 -5.62 -2 -7.52 0.2
200708 0.56 0.95 1.68 -0.11 -3.23 2.54 2.14 3.29 2.73 -1.37 0.16 2.16 0.78 -0.21 -3.58 1.46 0.02 -0.96 -2.01 -0.53 1.39 2.6 3.07 1.28 -0.73 2.78 3.46 4.25 3.12 -6.58 2.3 -3.02 2.31 2.41 -2.49 -1.74 -2.64 1.32 0.79 -1.53 -1.33 -3.56 -1.19 0.33 1.93 -0.87 1.25 3.28 -0.25 -2.1 1.85 1.13 2.61 1.49 0.87
200709 2.44 1.93 0.88 0.3 -1.32 2.73 1.43 0.53 0.18 0.17 3.86 2.15 2.7 1.8 1.12 3.36 1.96 2.29 1.41 1.45 5.08 3.97 2.45 2.83 4.31 5.07 6.8 0.96 10.07 -1.19 5.57 2.32 3.58 5.15 -5.34 -1.19 8.56 4.64 4.36 6.02 7.12 12.38 13.51 7.68 3.57 2.11 4.02 3.62 1.64 0.12 1.1 -1.93 2.98 1.94 6.6
200710 3.5 0.36 0.72 -0.74 -0.46 3.53 3.94 0.24 1.77 1.57 4.56 1.31 4.02 2.53 3.34 2.69 2.5 1.17 2.53 -0.85 4.18 2.18 -0.86 2.41 0.42 1.53 4.15 4.64 -0.15 1.31 1.3 -0.89 1.43 3.41 5.62 4.94 2.49 -1.39 -0.19 0.53 -0.96 10.93 19.52 2.37 6.69 -2.13 9.86 3.69 0.85 2.13 2.66 -0.29 4.96 -1.3 0.57
200711 -9.36 -8.59 -7.87 -7.86 -9.61 -6.87 -7.4 -5.98 -6.34 -8.67 -6.5 -5.62 -6.62 -5.35 -4.88 -4.18 -4.29 -7.94 -7.14 -5.02 -3.5 -3 -6.24 -2.53 -5.74 0.42 2.11 6.58 -8.37 -7.33 3.54 -7.55 0.02 -4.65 -5.87 -9.05 -5.94 -2.49 3.12 -13.46 -3.83 -10.55 4.17 -4.21 -0.69 -6.54 -7.33 -7.56 -5.77 -3.7 -7.4 -2.78 -5.11 -6.15 -5.07
200712 -1.6 1.1 -0.84 -1.05 -1.19 1.01 0.37 0.37 -0.44 -0.1 -0.94 -2.58 0.1 -1.1 0.28 -0.86 0.1 -2.34 0.22 -3.03 -0.77 -0.4 -1.08 -0.6 0.89 1.66 -1.02 -1.98 -4.07 -1.87 -1.27 -6.99 -4.07 4.17 -6.35 -0.34 1.17 2.65 0.93 -2.74 0.8 -1.47 14.21 7.42 0.89 -0.37 1.64 0.37 -0.05 -3.39 -0.53 -3.12 -4.45 -4 -2.25
200801 -10.67 -8.49 -7.06 -5.01 -4.11 -9.36 -7.82 -6.65 -2.8 -3.76 -6.49 -5.5 -6.64 -4.69 -5 -6.91 -6.65 -4.72 -2.37 -5.53 -8.06 -5.48 -3.85 -2.91 -6.15 -6.9 -7.88 -0.3 -9.38 -7 -8.45 -0.37 -4.55 -5.71 1.32 -2.46 -10.96 -10.03 -11.24 -4.49 -6.47 -4.5 -3.2 -9.53 -6.92 -7.81 -9.61 -13.87 -4.23 2.48 -4.09 1.73 -6.33 -1.23 -4.17
200802 -5.89 -3.37 -4.7 -3.18 -3.48 -4.75 -1.35 -2.39 -2.27 -4.71 -3.37 -2.51 -0.34 -1.8 -2.06 -1.58 -1.11 -2.57 -2.94 -4.99 -2.28 -3.2 -3.92 -5.2 -2.39 3.02 1.12 -2.86 -5.85 -9.05 0.06 -4.2 -0.91 4.28 -1.62 -5.38 6.78 3.36 -1.48 -6.92 -2.4 9.16 8.73 7.11 -3.01 -3.67 -5.9 -1.61 -3.44 -3.84 -2.17 -6.14 -0.47 -10.72 -3.83
200803 -4.13 -0.61 1.49 0.55 -0.74 -0.71 1.43 1.55 0.98 1.97 -3.01 0.37 -1.06 -1.78 -0.17 -0.55 -1.77 -2.97 -2.68 -1.75 0.71 0.94 -4.16 -3.79 0.69 0.75 3.75 0.01 -1.89 -5.38 3.58 3.77 -1.8 -1.57 -0.84 0.85 -0.51 -0.13 0 -3.93 -3.52 -7.71 -7.57 -2.65 0.88 -0.2 0.04 0.69 -0.58 3.08 -2.02 2.56 2.96 -3.78 6.49
200804 3.49 3.34 0.84 0.35 0.78 3.23 3.38 3.09 2.07 2.3 7.16 6.54 9.1 9.98 8.21 5.89 7.19 6.13 5.47 4.4 4.5 2.24 5.86 5.46 6.36 3.13 -2.71 -9.57 -0.95 2.08 -3.45 2.38 0.42 9.46 7.96 5.04 7.41 9.03 2.72 14.11 8.96 8.24 21.15 10.4 6.33 4.63 6.91 6.86 -0.78 5.65 1.34 5.9 4.69 5.66 -7.12
200805 5.68 3.37 3.72 1.57 2.86 7.25 4.75 7.27 3.77 4.02 3.79 3.48 7.94 5.4 5.53 4.22 5.4 2.34 4.91 4.26 3.16 -0.39 -2.1 0.75 3.75 2.16 1.44 10.32 -0.54 1.04 0.14 3.73 1.63 3.33 -2.22 5.93 8.52 5.61 11.17 -3.1 0.03 4.53 23.51 3.72 3.57 4.85 4.43 5.86 2.32 3.6 7.08 0.19 -1.29 -4.11 -2.28
200806 -6.24 -9.24 -9.88 -8.41 -9.37 -7.55 -7.43 -6.31 -8.99 -7.73 -7.75 -8.92 -5.38 -6.91 -5.07 -7.86 -8.4 -10.49 -5.78 -11.42 -6.94 -7.99 -11.38 -11.17 -8.11 -8.15 -5.01 -6.61 -19.31 -11.38 -7.9 -12.48 -3.01 -4.61 -15.27 -10.47 -7.3 -6.57 -12.39 -22.8 -16.5 -0.03 21.24 2.17 -0.58 -10.93 -7.81 -9.93 -13.26 -10.02 -7.25 -8.18 -10.01 -17.36 -11.23
200807 5.23 4.51 5.15 7.61 1.91 1.94 4.19 3.01 4.58 8.59 -0.25 0.89 1.59 -0.96 4.84 -0.03 -2.52 -7.69 -3.35 -2.48 -0.42 -1.58 -3.04 0.56 3.64 3.06 2.62 2.13 0.11 -5.56 7.81 -3.7 6.77 -0.64 -10.38 -3.86 -11.16 -5.01 0.15 -3.63 1.17 -13.36 -23.07 -15.33 -7.23 -2.95 -1.34 0.05 4.22 5.11 1.28 0.77 1.62 6.65 3.2
200808 1.41 2.87 2.87 4.43 6.32 4.31 4.63 4.38 5.32 12.19 2.98 3.42 4.06 2.37 5.22 0.98 1.96 2.57 3.94 1.86 1.49 1.23 0.41 -0.21 2.98 -0.49 1.19 3.07 3.77 3.93 6.02 8.83 1.8 -2.73 14.36 3.26 -7.06 0.52 -0.4 0.16 3.58 -5.77 -6.28 0.1 -0.5 3.9 1.91 2.95 3 1.64 3.19 6.16 3.89 -0.24 1.4
200809 -13.09 -8.41 -7.61 -5.24 -5.93 -8.81 -8.48 -5.82 -6.14 -6.77 -14.38 -10.76 -7.11 -8.3 -5.7 -13.21 -13.67 -14.55 -10.96 -9.52 -10.35 -7.19 -6.42 -6.8 -14.09 -3.49 1.87 -5.43 -14.02 -13.15 -0.43 -0.47 -5.95 -18.46 -5.4 -14.11 -30.93 -20.73 -15.66 -10.7 -14.96 -25.63 -37.94 -11.38 -12.11 -12.77 -8.56 -15.93 -6.03 -9.13 -10.18 -5.2 -4.72 -4.22 -8.04
200810 -23.39 -19.99 -17.51 -14.91 -24.22 -22.64 -20.6 -19.12 -22.47 -19.97 -22.8 -18.43 -17.5 -19.09 -21.03 -20.39 -21.83 -26.33 -21.02 -19.64 -15.79 -13.88 -15.15 -19.32 -19.13 -11 -14.68 -5.24 -29.75 -26.48 -13.68 -21.6 -10.96 -20.95 -28.1 -28.22 -33.04 -29.9 -24.59 -36.41 -15.56 -34.47 -29.28 -16.87 -11.07 -16.22 -18.79 -17.77 -18.45 -12.05 -21.05 -14.56 -12.5 -20.03 -20.95
200811 -12.87 -12.75 -13.09 -11.63 -16.65 -10.67 -10.67 -10.83 -9.99 -17.02 -11.66 -11.65 -8.96 -8.53 -5.35 -8.15 -9.78 -8.02 -10.19 -14.75 -8.39 -2.4 -7.16 -10.63 -6.96 -8.58 3.8 -10.76 -21.28 -12.6 -2.72 -13.61 -7.36 -16.36 -27.87 -4.36 -12.18 -8.36 -2.35 -6.22 -12.18 2.48 -29.18 0.27 1.08 -2.31 -9.32 -12.02 -4.77 -8.93 -11.47 -7.59 -6.36 -13.87 -10.39
200812 3.62 4.73 5.34 3.51 3.8 4.56 3.64 7.08 5.85 7.87 7.22 3.95 3.05 -1.35 9.87 4.11 6.58 4.82 0.75 2.77 2.19 0.87 0.23 -1.24 3.14 1.37 -1.68 -0.35 8.87 -1.38 -2.01 3.07 6.74 -2.36 12.36 6.88 15.75 3.4 6.62 -3.02 8.04 14.43 -4.25 -3.11 -2.08 3.56 2.61 2 -5.41 -2.1 6.61 3.53 11.11 1.66 -0.6
200901 -6.31 -8.44 -10.87 -15.67 -14.99 -7 -7.48 -11.36 -13.13 -19.14 -6.48 -8.16 -9.77 -6.12 -16.14 -3.75 -6.6 -8.16 -8.68 -15.31 -3.65 -8.95 -10.04 -14.71 -10.07 0.41 -7.41 -1.54 -13.21 -12.95 -10.9 -11.73 -2.19 -6.53 -25.31 -14.08 -16.79 -9.89 -11.69 -9.96 -4.35 -8.74 2.03 -3.2 -0.81 -9.95 -3.13 -3.29 -9.89 -16.09 -1.44 -8.68 -7.72 -20.89 -16.72
200902 -11.33 -10.58 -12.06 -13.73 -15.19 -9.45 -9.58 -10.69 -14.3 -22.72 -6.39 -10.1 -9.66 -13.67 -11.25 -6.15 -9.16 -12.13 -12.1 -17.68 -6.92 -10.12 -13.58 -13.5 -12.08 -8.48 -4.73 -8.2 -15.56 -13.99 -11.14 -8.77 -9.93 -8.22 -28.5 -15.33 -19.35 -12.99 -15.77 -10.16 -18.66 1.13 -5.07 -12.08 -12.65 -7.06 -4.02 -6.72 -12.63 -11.41 -8.77 -1.24 -7.48 -14.54 -21.31
200903 9.15 13.6 9.2 8.68 10.28 8.27 11.21 10.41 7.27 12.66 9.22 8.68 11.3 9.44 10.76 8.44 9.67 8.53 8.18 10.18 9.95 5.59 11.64 9.15 7.21 3.78 7 6.83 8.22 6.91 0.67 15.58 7.05 16.3 30.41 12.9 12.17 11.31 8.78 12.07 5.02 15.37 -0.03 3.84 2.79 7.63 9.29 12.94 7.7 9.03 4.15 11.31 9.06 14.22 10.28
200904 18.84 15.63 15.73 15.53 18.83 15.82 16.35 16.39 15.15 19.13 13.77 18.46 13.85 15.09 15.22 10.9 13.78 19.44 12.69 20.83 7.97 6.31 10.87 11.15 17.57 5.8 -1.45 2.11 34.53 33.14 8.89 21.21 -0.95 19.06 59.04 23.31 26.23 20.82 23.22 49.57 17.15 3.77 15.46 5 2.13 10.34 10 14.4 21.01 14.18 15.22 9.41 9.13 17.04 19.76
200905 5.95 6.95 4.07 2.77 5.01 3.8 3.76 2.26 2.1 3.56 4.3 0.45 4.35 0.95 -0.44 3.53 3.02 5.26 7.04 4.87 4.85 5.52 6.62 6.5 -0.24 4.7 9.45 9.52 7.52 1.03 4.66 3.21 6.25 6.93 -6.78 -0.73 9.74 3.69 -1.35 -3.44 9.03 17.76 35.29 10.25 4.66 1.52 3.17 2.38 3.82 2.55 4.78 -2.94 5.76 9.66 6.75
200906 8.1 4.4 4.61 2.67 2.56 6.32 1.77 0.63 -3.34 0.78 1.92 0.5 -1.54 0.77 0.7 1.79 0.91 -2.03 -0.96 0.19 1.73 -1.17 -0.85 -1.15 5.03 0.15 1.63 -0.03 -3.92 -2.8 0.66 -3.5 3.53 -6.74 -7.76 -1.52 3.29 -2.17 0.81 5.26 -3.53 -8.55 -12.09 -4.65 4.66 1.53 4.5 4.32 3.87 0.29 -0.6 -0.04 -3.13 -1.69 -6.33
200907 8.12 6.98 9.63 9.81 14.04 6.72 7.66 11.8 11.68 13.4 6.85 9 10.28 13.41 15 7.79 8 8 13 9.96 6.11 9.11 7.64 9.23 7.52 8.07 3.71 7.34 13.94 16.78 10.27 12.03 5.53 16.73 36.05 13.43 3.17 15.65 12.05 15.54 5.57 13.15 15.8 5.05 4.35 5.51 5.24 10.74 15.21 10.94 9.01 7.24 2.3 8.36 9.38
200908 2.77 1.82 4.24 3.99 11.28 0.14 0.79 3.1 3.74 10.22 0.77 1.12 3.81 5.41 11.08 2.44 3.35 4.03 4.59 16.32 1.31 4.45 2.51 5.76 13.32 0.75 -0.72 0.32 9.38 9.21 -0.81 3.16 2.19 1.79 1.4 6.79 3.54 1.95 1.97 2.18 11.11 3.44 1.36 0.71 0.21 0.82 2.48 2.34 4.2 3.33 4.56 3.87 3.12 10.2 3.24
200909 5.25 5.99 5.21 5.88 9.45 8.55 6.03 7.52 5 8.61 6.41 4.42 6.2 7.85 8.24 6.61 6.95 4.66 5.86 9.41 3.45 3.03 3.99 4.24 1.93 1.21 7.7 4.82 9.21 1.28 6.35 12.76 2.4 6.54 1.41 -0.27 6.62 8.33 8.25 2.97 5.68 9.87 16.45 4.89 2.33 6.56 4.8 5.59 2.65 3.95 4.02 2.09 3.55 1.26 10.98
200910 -10.91 -7.22 -6.81 -7.92 -8.7 -7.33 -5.17 -7.16 -8.58 -10.86 -4.78 -4.42 -5.44 -5.07 -9.96 -3.98 -4.17 -4.26 -6.03 -7.09 0.1 -1 -2.62 -3.95 -8.7 -1.87 0.98 -0.73 -8.9 -1.91 0.82 -2.6 -3.68 -3.88 -6.78 -7.56 -12.15 0.01 -5.09 -2.51 -4.36 1.44 0.07 2.29 -2.74 -3.42 0.64 -3.96 -1.38 -5.15 -2.72 0.87 -2.87 -4.41 -9.33
200911 -0.32 0.13 2.73 1.98 1.03 2.69 0.87 2.57 3.02 5.76 2.99 4.2 1.14 6.71 6.81 4.86 4.91 3.77 3.97 4.97 6.99 5.73 4.57 5.19 5.14 4.13 5.28 2.22 7.58 3.18 7.26 1.96 8.22 9.57 2.64 0.2 7.23 6.29 6.46 10.1 9.27 14.87 10.75 2.95 4.51 6.67 5.56 4.46 7.73 11.16 4.5 4.62 7.77 4.26 8.93
200912 5.74 8.88 6.7 8.38 10.64 9.78 9.4 9.08 7.94 9.22 6.89 7.36 7.01 7.02 8.24 5.79 5.81 7.03 7.74 5.1 1.11 2.12 2.38 2.69 -0.7 3.08 -0.7 3.28 1.02 15.12 -1.86 4.59 2.45 2.44 11.3 5.97 14.91 3.7 4.65 6.04 3.63 -4.4 7.25 -0.79 5.86 6.26 5.5 6.45 4.31 4.41 5.04 1.35 2.65 0.94 -2.04
201001 -4.42 -5.29 -3.73 -3.13 -1.18 -2.67 -2.9 -1.63 -1.91 -4.22 -3.8 -3.41 -3.66 -4.42 -1.71 -4.16 -4.19 -4.61 -3.05 -1.56 -3.75 -4.13 -1.15 -5.01 -2.04 -0.92 -3.7 -3.15 1.12 1.23 0.85 -3.11 0 -4.04 -8.66 -1.37 -11.89 -6.65 -4.18 0.51 0.52 -15 -7.41 -4.64 -4.5 -6.7 -7.09 -7.88 -5.5 -4.04 -2.55 -1.92 -0.99 -1.18 2.24
201002 3.95 3.48 5 4.47 7.97 2.78 2.83 3.55 6.16 5.3 4.18 4.29 4.17 7.25 8.53 5.33 6.57 5.09 3.99 5.45 2.49 3.48 2.1 4.35 6.05 2.92 0.25 5 6.02 -1.78 3.69 6.07 0.37 5.46 15.68 2.5 4.21 7.96 10.13 6.69 3.92 13.12 10.82 2.13 -0.43 2.85 2.85 6.3 3.04 7.25 5.89 4.32 4.56 2.7 1.87
201003 7.1 7.27 7.41 7.83 9.95 7.22 8.07 8.2 7.27 11.46 9.3 7.17 8.39 9.01 6.64 8.2 7.57 7.27 5.79 11.28 5.1 5.74 5.82 7.25 7.56 4.44 6.11 6.36 12.06 5.53 2.13 11.39 3.61 7.34 8.42 7.34 12.01 6.5 7.02 8.93 11.1 9.05 2.15 3.21 3.1 7.6 5.2 8.12 5.86 8.11 5.99 6.14 8.4 8.14 9.07
201004 6.1 6.53 7.33 9.48 12.55 3.67 4.83 5.24 6.98 8.04 2.79 5.17 4.11 4.9 7.54 4.58 2.53 3.71 6.81 5.3 0.45 1.98 1.95 -0.08 0.93 -1.46 -1.76 -3.03 10.96 2.32 1.21 4.23 -2.23 3.08 11.43 10.67 -2.43 5.99 4.31 4.82 2.77 -0.37 -2.21 3.81 2.86 3.59 0.47 3.89 4.22 3.82 3.2 1.85 7.36 0.95 3.86
201005 -8.02 -5.45 -7.68 -9.23 -10.18 -5.74 -6.28 -7.64 -8.93 -10.45 -6.47 -6.21 -7.03 -8.99 -10 -5.78 -7.27 -7.93 -6.41 -9.79 -7.47 -8.18 -8.57 -7.88 -10.1 -5.37 -3.88 -7.71 -7.05 -10.12 -4.35 -5.67 -8.01 -9.99 -9.87 -10.89 -7.06 -9.89 -9.63 -10.02 -9.63 -5.65 -14.85 -10.56 -6.31 -5.81 -8.29 -7.08 -8.89 -5.98 -4.01 -5.83 -4.88 -9.12 -10.05
201006 -5.95 -7.44 -7.44 -7.28 -12.17 -5.67 -5.01 -8.09 -9.36 -13.13 -5.76 -6.13 -6.74 -8.77 -10.62 -4.16 -7.18 -7.22 -7.31 -9.95 -4.02 -7.27 -2.94 -6.11 -11.01 -1.97 -1.63 3.54 -8.8 -8.7 -3.24 -9.31 -1.63 -7.79 -14.55 -12.6 -13.13 -5.51 -7.04 -9.6 -6.03 -5.81 -9.48 -6.31 -0.72 -3.98 -6.74 -5.99 -2.29 -7.66 -5.2 -10.56 -5.29 -7.31 -7.58
201007 6.28 5.23 7.15 5.78 6.74 6.57 8.48 5.56 7.63 7.03 6.54 6.86 6.19 7.73 8.52 6.97 6.17 8.63 8.9 6.43 7.3 5.33 8.55 7.16 5.94 5.04 8.37 11.12 7.85 5.29 4.22 8.34 2.15 14.24 6.81 7.76 8.29 13.85 11.78 16.32 10.34 8.27 14.17 7.51 6.79 9.58 8.22 6.82 7.64 10.84 3.2 4.65 7.04 6.62 8.03
201008 -8.95 -7.77 -9.52 -9.14 -9.66 -5.47 -9.13 -7.45 -6.76 -9.06 -4.39 -6.06 -7.82 -6.76 -6.18 -4.34 -3.87 -7.36 -2.88 -5.4 -3.83 -4.82 -3.82 -3.51 -8.36 -0.46 -0.01 -0.05 -1.32 -10.04 -3.96 -7.41 -1.66 -0.11 -5.5 -6.28 -8.74 -8.15 -6.46 -10.48 -8.16 1.76 -5.88 -3.28 0.41 -2.13 -5.18 -8.21 -6.06 -4.65 -7.55 -4.18 0.38 -8.38 -7.12
201009 10.97 11.94 13.61 11.19 10.23 14.73 15.23 13.06 10.84 11.01 13.07 13.98 12.25 11.32 10.55 12.33 10.53 11.64 7.51 9.33 10.31 8.31 7.48 8.05 6.52 1.57 4.95 10.04 14.16 12.91 3.98 17.54 9 9.96 13.39 10.2 12.23 15.78 13.76 14.06 10.31 11.26 13.55 9.5 3.64 7.97 11.6 13.48 9.16 9.87 9.9 13.59 7.13 7.46 10.01
201010 6.5 5.73 5.41 4.31 3.46 4.09 4 3.18 3.07 3.58 4.45 4.1 4 3.33 4.24 2.78 4.6 4.28 3.25 0.19 4.96 4.55 4.11 1.49 1.16 5.85 1.93 5.27 12.57 7.13 4.51 3.34 2.01 8.18 3.28 1.59 4.69 4.57 4.75 9.72 5.96 8.75 6.8 4.29 1.86 4.51 7.9 4.14 3.48 5.35 4.95 1.32 6.06 1.97 -0.11
201011 1.74 3.42 5.04 3.83 3.96 3.37 4.53 2.7 3.05 4.7 4.32 5.72 2.98 2.46 1.88 4.34 2.79 3.24 2.09 -0.75 -0.61 1.94 -1.08 -0.3 -2.41 -1.86 2.01 -3.77 7.31 -3.16 -2.36 9.27 -3.33 0.84 -1.01 3.71 3 6.58 3.33 6.74 -0.45 3.04 14.44 5.25 -1.31 -1.89 -2.42 1.12 0.32 2.42 0.29 4.95 4.16 -0.34 -1.17
201012 10 7.76 9.35 7.91 9.35 7.36 7.78 7.89 8.58 10.11 6.08 8.05 7.5 8.25 7.97 5.18 6.73 9.22 7.42 8.91 4.6 5.95 7.46 8.39 12.64 5.68 3.57 4.3 -0.66 8.37 5.79 1.08 5.41 7.49 4.19 12.6 13.4 10.61 5.79 8.3 4.42 13.87 14.55 9.15 3.22 6.57 7.13 5.26 4.78 3.19 6.83 3.5 0.11 10.51 11.82
201101 -3.12 -1.64 -0.86 -1.39 -0.67 0.55 -0.28 1.51 1.27 1.39 1.9 0.81 2.38 2.52 0.01 1.87 2.98 2.45 2.17 1.04 1.16 3.83 2.66 2.62 2.92 -0.62 -3.62 -2.94 1.52 2.56 -1 -3.32 -0.71 1.6 -3.65 4.58 3.92 5.06 3.59 0.56 5.01 -7.48 1.38 7.17 2.23 0.03 2.4 4.94 3.06 -0.48 2.8 -1.28 -2.43 2.24 7.55
201102 1.13 5.51 3.46 5.81 6.22 5.57 6.23 6.97 5.06 5.47 5.71 5.89 5.45 5.89 3.59 4.39 4.13 4.07 4.49 2.45 2.05 3.33 4.28 4.53 3.69 5.25 0.6 8.98 2.15 3.06 1.66 8.88 3.33 4.92 7.1 1.26 4.16 3.77 2.81 -2.39 2.93 1.02 -0.02 7.97 2.43 7.47 2.46 2.82 3.34 1.42 2.97 1.38 3.95 2.65 3.59
201103 3.14 3.65 1.42 1.75 1.86 2.4 3.35 2.95 0.9 3.68 5.06 2.43 3.6 1.67 2.37 2.01 2.88 2.01 2.49 -0.03 0.01 -0.69 1.3 0.17 -2.75 1.71 3.35 5.25 -0.53 -0.09 0.23 -4.4 2.29 2.01 4.5 2.71 0.85 4.38 1.1 1.53 2.58 0.17 8.82 1.64 0.91 1.6 0.07 -2.62 1.62 3.01 1.47 0.48 1.8 -1.48 -1.44
201104 2.6 1.25 0.19 1.33 0.41 4.55 2.56 1.1 1.68 0.17 4.23 3.65 2.96 3.5 2.05 3.19 1.68 2.18 3.02 2.34 3.71 4.07 2.01 1.79 1.49 4.27 3.9 4.9 6.04 0.12 4.93 8 6.37 4.48 4.95 0.11 0.75 1.63 0.99 1.72 4.11 -0.63 -2.79 1.47 3.99 3.35 2.59 3.29 1.76 2.93 4.06 5.2 1.41 0.64 2.18
201105 -0.87 -1.49 -2.48 -4.38 -2.69 -1.72 -1.06 -0.91 -3.31 -3.79 -1.2 -1.35 -2.66 -2.68 -0.88 0.13 0.28 -2.48 -1.03 0.13 -0.11 -2.58 -1.51 -1.78 -2.71 2.37 0.49 4.11 -0.56 2.34 3.05 0.34 1.96 -3.75 2.89 -2.5 -5.42 -5.69 -6.44 -3.29 -1.83 -5.6 -6.03 -4.51 1.3 0.91 -2.3 -1.17 0.34 -0.44 1.2 0.21 4.07 -2.49 -2.94
201106 -5.11 -3.31 -1.96 -1.85 -2.43 -1.07 -1.67 -1.17 -0.88 -1.79 -0.21 -2.65 -1.15 -1.15 -3.16 -1.9 -2.11 -2.94 -2.05 -1.5 -1.1 -2.4 -1.79 -1.58 -1.92 -0.32 0.62 -5.6 -1.55 -1.31 -2.52 4.5 -1.84 -0.22 -6.35 -3.51 -2 -0.73 -0.24 -1.46 0.27 -1.76 -7.16 -2.34 -0.34 -1.34 -1.09 -3.32 -0.62 -0.47 -2.1 -1.41 1.52 -2.18 -1.91
201107 -5.03 -2.15 -3.33 -0.83 -1.78 -3.52 -4.07 -5.42 -3.08 -4.76 -4.71 -4.1 -3.51 -5.92 -3 -4.4 -3.78 -1.67 -4.24 -3.41 -0.04 -1.65 -2.29 -3.18 -4.96 -0.61 -2.97 3.29 4.04 -3.78 -2.74 2.26 -3.65 -1.83 -6.29 -6.3 -6.11 -4.78 -9.73 -9.59 -5.97 0.33 0.67 0.55 -0.35 -4.87 0.46 -1.65 -6.65 -5.09 -4.58 -0.1 -0.29 -3.91 -4.53
201108 -12.34 -11.54 -10.21 -9.77 -9.81 -9.13 -9.55 -9.64 -8.78 -10.56 -7.83 -8.1 -8.55 -10.63 -7.25 -7.79 -7.37 -8.56 -9.6 -6.85 -3.79 -3.58 -8.47 -4.13 -8.7 -1.8 2.24 -0.11 -5.72 -7.19 0.37 -5.51 -3.09 -7.99 -7.01 -8.57 -13.22 -8.13 -7.63 -11.97 -7.3 -1.84 -19.19 -9.82 0.14 -5.22 -6.82 -7.33 -5.71 -6.98 -4.05 -3.37 -0.79 -9.12 -3.65
201109 -11.48 -14.04 -9.76 -10.5 -10.57 -10.31 -10.99 -12.93 -11.1 -10.11 -10.14 -12.56 -13.04 -10.24 -10.68 -8.79 -11.27 -11.51 -10.59 -9.46 -6.08 -4.92 -7.63 -6.03 -10.68 -4.6 -3.84 -5.27 -19.22 -8.41 -3.96 -5.1 -3.96 -16.45 -14.41 -16.18 -20.6 -16.32 -13.09 -14.09 -4.86 -23.15 -30.02 -11.93 -1.63 -5.79 -4.89 -5.51 -10.21 -9.34 -8.14 -2.86 -5.41 -11.02 -4.37
201110 13.58 15.23 14.68 13.96 9.48 17.4 14.86 17.65 16.13 12.43 14.56 17.07 16.14 16.12 12.34 14.84 15.79 15.49 12.6 11.91 9.05 10.85 12.66 9.2 12.71 5.65 1.93 8.26 15.33 9.86 4.51 16.51 5.54 18.21 14.26 22.24 18.46 22.86 17.43 23.94 11.08 20.06 28.44 16.1 6.68 7.58 12.1 12.22 10.83 15.28 13.76 9.14 10.14 13.43 9.34
201111 -1.9 -0.88 -3.55 -0.17 -0.66 -0.29 -1.39 0.1 1.25 1.31 -1.3 1.01 0.52 0.37 -0.09 -0.4 -0.5 1.42 -0.12 -0.09 -0.5 0.77 0.89 0.67 -4.54 0.5 0.52 7.57 -2.59 -0.69 1.21 -3.84 1.28 -1.14 -1.08 2.39 -1.49 2.23 6.79 -7.95 1.86 1.16 -6.23 1.93 0.99 0.29 -1.74 -1.9 1.07 1.49 1.17 0.85 2.31 -2.91 -0.39
201112 -0.21 1.86 1.09 1.5 1.79 -0.5 0.86 1.62 0.1 1.13 -1.88 0.27 -0.37 1.06 1.64 -2.68 0.26 0.5 2.41 -0.2 -0.46 0.71 2.83 3.2 0.66 0.65 3.98 3.72 -4.64 3.58 1.91 -2.24 3.53 -0.05 0.82 -0.91 -5.24 -3.87 -4.71 -1.67 0.35 -7.28 -13.69 -0.25 2.95 3.18 -1.32 -1.06 1.08 1.19 -0.02 0.34 3.75 1.76 1.34
201201 11.85 8.13 7.72 6.99 8.01 8.1 6.53 6.96 6.88 3.57 7.81 6.19 7.38 5.28 3.15 9.57 6.27 5.77 3.68 3.49 6.81 2.86 2.96 1.35 7.42 2.84 -2.33 -4.58 12.14 0.61 -0.99 9.89 3.38 11.26 6.96 8.08 12.53 12.59 9.83 13.17 4.92 14.66 1.26 1.39 -2.71 2.44 5.48 10.56 4.5 6.62 6.07 4.04 3.32 7.15 3.48
201202 1.16 1.17 0.63 1.3 2.98 4.27 2.77 2.07 3.11 4.25 4.61 3.75 4.19 2.87 3.96 4.8 5.49 3.5 4.07 5.9 5.19 3.02 3.7 4.67 5.53 1.25 0.77 9.62 5.76 3.28 6.4 6.51 1.23 2.19 5.73 5.61 -2.63 4.51 0.7 5.14 4.4 -5.05 -1.51 6.71 1.26 4.78 5.21 7.48 3.62 -1.24 1.58 3.51 2.94 6.5 1.35
201203 3.38 3.48 3.36 3.51 4.83 1.89 2.47 3.12 2.91 2.12 1.23 1.91 1.81 1.53 -0.39 4.42 0.55 0.6 0.76 1.61 4.19 2.82 0.91 2.96 6.32 2.02 6.04 5.42 3.98 2.3 1.71 1.67 3.96 2.66 4.53 2.14 0.61 -2.26 2.17 0.17 -0.05 -6.76 -12.16 -3.08 1.44 2.5 3.57 5.37 1.65 1 2.98 5.21 3.76 6.88 3.57
201204 -4.01 -1.82 -1.88 -1.27 -0.31 0.13 -2.59 -2.21 -2.89 -1.12 -2.49 -0.33 -2.04 0.65 -0.52 -0.34 -0.14 -0.05 -0.36 -2.27 -0.15 -1.18 -0.91 0.34 -3.26 0.61 1.33 1.63 -2.05 -2.56 -1.82 0.12 0.61 1 -0.06 -0.2 -3.95 -1.7 -1.3 -7.36 0.17 -1.31 2.47 -1.76 1.74 1.73 -0.75 -3.08 -0.62 1.24 -0.3 1.36 1.04 -2.42 -1.21
201205 -8.66 -6.29 -7.62 -6.92 -4.8 -5.72 -5.58 -7.46 -5.84 -6.91 -7.68 -6.19 -8.05 -6.27 -5.47 -7.41 -8.59 -8.65 -7.01 -5.59 -6.2 -4.6 -6.04 -3.63 -9.62 -2.18 -0.25 -3.34 -11.89 -8.6 -5.06 -5.68 -3.28 -8.44 -2.83 -7.12 -14.65 -11.09 -7.4 -7.64 -7.62 -12.57 -23.34 -10.49 -0.93 -1.07 -7.49 -8.24 -5.65 -2.08 -6.12 -2.12 -4.77 -9.01 -2.64
201206 6.7 6.89 6.75 5.51 5.21 6.52 3.53 4.85 3.28 5.66 5.02 2.84 2.24 3.4 3.54 0.41 1.97 3.52 2.67 3.62 2.72 4.07 5.63 4.54 6.34 2.15 5.74 5.86 0.48 7.12 0.04 -10.76 6.8 3.46 2.22 4.44 4.86 0.03 -1.24 -4.42 2.68 7.19 2.09 5.9 3.4 7.09 4.29 1.62 2.63 4.04 2.58 3.02 -2.21 4.52 6.01
201207 -1.76 -0.59 -1.89 -1.72 -2.68 -4.6 -0.51 -1.1 -1.11 -0.26 -0.95 -0.58 -1.44 -0.23 -2.34 -2.05 -0.72 0.72 -1.54 -0.71 1.55 1.15 2.05 1.41 -0.25 -0.05 2.01 4.4 -8.31 1.15 3.34 2.31 1.65 -0.79 -0.77 -2.13 -1.35 1.41 2.28 -0.3 -1.38 -3.34 -10.56 3.02 3.73 4.05 -1.88 0.7 1.15 -0.99 0.53 2.32 -3.22 -1.09 1.21
201208 2.34 1.92 3.48 2.69 3.41 2.16 2.32 2.58 3.47 3.63 4.78 3.93 4.79 3.29 4.02 4.8 2.89 3.97 3.54 4.74 2.54 2.9 0.97 -0.01 5.46 -0.37 0.32 -3.05 7.05 6.51 3.49 8.04 0.97 2.88 8.15 8.07 -1.1 4.13 3.8 4.12 2.9 6.31 0.3 2.43 -3.34 0.97 3.56 5.37 2.32 -1.56 0.41 3.45 1.51 4.13 -0.41
201209 4.69 5.93 4.25 4.44 4.71 4.48 4.21 3.72 3.26 3.77 2.03 2.23 2.44 1.87 4.07 1.43 1.95 3.32 2.6 3.25 1.7 2.63 3.62 3.04 5.11 1.68 -1.02 0.45 5.47 5.74 2.6 -0.49 4.71 1.44 5.4 5.48 3.77 1.97 -1.19 3.63 -0.66 9.99 2.06 3.57 2.17 4.72 3.52 -0.22 2.51 -2.28 0.41 1.82 3.74 3.61 5.64
201210 -5.56 -3.77 -3.05 -3.37 -1.51 -6.44 -2.15 -0.02 -2.23 -0.57 -2.85 -0.9 0.54 0.53 0.35 -1.13 -0.72 0.46 0.55 0.94 -3.51 -0.74 -2.11 -1.82 4.41 -1.79 -1.86 -2.65 1.56 -0.96 1.02 -1.36 -1.88 -2.6 4.72 3.18 -0.73 -0.79 1.34 6.02 0.61 0.76 20.5 -2.12 1.05 -2.02 -4.79 -7.19 -2.22 2.95 2.61 -0.93 -4.94 1.97 -3.03
201211 -0.4 2.16 0.07 -0.24 1.16 -0.55 0.55 0.16 0.73 2.37 2.91 3.1 1.96 1.97 1.09 3.03 2.46 0.92 0.36 0.17 1.45 0.13 0.36 -0.91 -2.07 3.9 1.95 3.11 2.08 -2.52 1.16 4.02 1.51 3.21 4 1.58 2.61 1.52 4.55 3.38 3.95 -3.11 -11.26 -1.37 -3.68 0.06 2.02 1.75 3.54 0.4 2.29 1.1 2.28 -0.67 1.3
201212 1.27 2.9 4.2 4.29 4.6 3.32 3.51 3.86 3.41 4.61 2.54 4.3 1.33 3.89 3.87 2.15 1.97 2.96 3.56 3.95 -0.77 0.14 1.28 1.89 6.43 -1.41 -0.84 -5.7 3.05 5.55 -1.58 0.13 -0.52 4.46 3.54 4.82 6.56 4.15 3.7 7.98 2.56 -1.33 7.67 1.17 0.14 1.24 1.66 -0.61 3.32 3.01 1.99 -2.18 2.04 4.31 1.28
201301 6.83 4.94 5.25 5.56 5.57 7.19 6.42 6.88 6.87 5.38 5.35 6.3 6.22 7.78 7.6 7.22 7.28 7.63 7.36 9.99 3.8 5.17 6.59 5.26 7.24 5.62 5.07 5.95 13.13 5.13 8.69 2.56 8.08 5.06 9.22 9.47 4.28 8.07 7.28 1.66 2.79 0.59 -3.72 7.88 5.08 4.71 6.52 -1.25 5.61 8.52 6.46 5.38 5.22 6.32 7.2
201302 -0.96 -0.4 0.72 1.27 1.85 1.37 0.96 0.39 1.88 1.43 0.38 1.17 1.47 2.35 1.11 0.42 1.81 1.14 0.98 2.62 1.34 0.6 1.98 2.68 0.45 3.82 5.22 2.34 0 -6.54 3.14 1.46 1.36 -0.95 5.7 -0.88 -2.68 -1.07 0.99 -0.22 3.79 -7.56 -8.09 0.52 2.16 2.2 0.95 0.29 4.63 3.64 2.07 0.59 0.78 1.29 4.43
201303 7.9 7.19 4.9 3.75 4.35 5.15 4.97 3.54 4.56 4.64 3.87 4.79 5.55 3.92 6.01 4.15 3.92 5.14 5.65 5.91 3.78 3.25 3.7 4.77 3.35 6.51 5.31 2.6 7.69 7.78 2.19 2.88 6.52 1.21 8.88 4.04 2.1 0.4 0.61 3.56 5.69 0.91 0.86 2.09 5.64 5.55 2.42 3.18 5.53 4.65 3.25 4.78 5.48 4.54 2.26
201304 0.17 0.63 -1.62 0.37 0.28 -1.04 -1.66 -1.76 -1.31 1.94 -1.38 0.33 -1.04 -1.11 -0.86 0.94 0.93 0.11 1.25 1.25 2.14 0.96 2.21 1.95 2.81 2.77 3.55 4.28 4.51 -0.29 1.35 9.03 2.58 3.96 1.02 -3.2 -4.41 -1.16 -1.42 4.45 0.35 -10.57 -5.67 -1.28 5.05 4.38 1.91 -0.97 -0.02 -0.14 0.17 3.23 2.36 1.57 0.74
201305 7.67 3.07 4.35 6.03 4.48 5.35 4.7 6.66 3.67 8.14 3.32 5.9 5.11 2.5 4.87 3.72 3.29 3.14 2.39 4.36 1.81 3.13 1.01 2.03 6.73 -3.36 -1.47 -3.18 2.18 4.79 -0.22 0.78 1.63 3.43 0.77 5.29 3.84 5.33 4.03 11.1 6.35 0.22 0.5 3.07 -6.99 -1.87 3.46 5.45 2.21 2.74 3.85 2.4 -0.4 7.05 5.91
201306 -0.24 -0.65 2.55 0.09 0.31 1.88 -0.31 -0.99 0.81 -2.02 -0.18 -0.66 -1.84 -1.51 -0.38 -2.01 -1.9 -1.38 -2.18 -1.13 -2.24 -0.8 0.01 0.02 -2.28 0.73 0.93 -2.6 -3.75 2.46 -0.72 0.58 -1.36 -5.1 2.28 -6.39 -4.72 -3.51 -3.26 0.34 1.04 -9.59 -23.2 -2.11 0.79 1.95 -2.07 -3.54 -0.83 -0.91 -0.55 -0.4 1.62 -0.43 -1.13
201307 7.8 9.72 7.42 7.75 8.14 6.52 6.55 7.59 6.51 8.29 8.36 7.23 5.86 7.27 9.71 7.25 5.82 5.54 8.4 5.23 5.07 5.51 4.54 4.84 6.55 3.31 2.73 2.07 4.78 12.09 4.98 1.72 7.89 5.87 12.02 2.53 7 4.59 9.7 9.65 6.9 0.02 10.54 4.96 4.58 3.73 4.84 7.38 7.64 3.67 6.45 6.38 3.17 6.22 4.34
201308 -2.3 -2.76 -3.32 -3.65 -2.86 0.16 -2.42 -3.08 -4.08 -3.55 -2.21 -1.95 -3.37 -4.78 -3.55 -1.3 -2.31 -3.33 -2.42 -3.94 -0.93 -3.3 -3.26 -3.89 -4.59 -3.69 -3.86 -5.22 2.47 -4.89 -2.85 -1.86 -3.8 -0.59 -3.46 -4.78 -2.72 -0.88 -1.91 -1.29 -2.84 4.59 3.73 -1.93 -4.41 -3.28 -0.38 -0.3 -2.58 -2.59 -2.51 -4.91 -2.29 -4.18 -3.8
201309 7.11 8.16 7 6.43 6.22 6.88 6.58 7.34 6.19 4.85 6.32 5.81 5.7 5.37 3.66 5.75 4.74 5.93 4.8 4.96 4.28 2.97 2.21 2.31 1.93 0.44 1.34 4.17 9.91 6.29 0.93 7.65 4.03 5.21 8.44 8.43 8.19 6.26 7.12 6.71 8.51 1.16 2.56 1.89 1.04 4.12 5.41 2.52 2.88 5.92 5.66 4.39 4.01 3.18 2.95
201310 -0.27 0.54 3.18 3.43 2.93 0.18 1.64 2.36 3.72 5.64 2.96 3.94 2.64 4.56 6.13 1.57 3.71 3.2 5.71 4.85 4.7 4.15 5.48 4.35 3.39 4.59 6.25 4.74 4.55 7.18 6.07 2.4 3.83 3.95 4.48 3.51 8.38 1.49 5.47 -0.07 5.35 5.34 9.9 4.72 3.34 5.62 3.34 4.63 6.77 5.91 5.78 5.4 3.92 3.35 3.65
201311 7.58 6.48 5.84 6.52 4.51 6.22 3.39 3.14 3.95 4.12 3.18 2.42 4.54 3.05 3.51 1.88 2.38 0.65 -0.09 2.11 3.48 2.78 3.2 1.87 5.3 1.51 1.15 -2.74 3.13 0.19 3.95 6.52 4.5 1.2 4.21 2.84 1.57 1.58 3.4 1.79 4.79 -5.58 -3.52 0.98 -1.8 0.47 3.34 3.59 4.28 5.29 3.88 3.74 3.2 5.97 1.72
201312 2.61 2.95 2.42 0.72 2.11 2.75 1.17 3.35 1.32 1.36 1.82 3.68 3.17 3.5 2.1 3.36 3.17 3.21 2.98 2.87 2.35 2.75 3.75 2.28 1.69 3.07 -0.41 3.31 7.02 7.71 -1.95 0.83 0.64 4.86 3.64 5.51 6.58 5.2 3.19 1.54 3.11 6.84 7.89 2.9 1.79 3.72 4.63 3.68 2.77 2.25 2.56 0.06 -0.23 2.7 2.82
201401 2.03 -1.61 -3.05 -4.08 -2.44 0.52 -3.39 -5.05 -4.6 -6.64 -0.66 -4.03 -3.95 -1.58 -2.71 -2.64 -2.6 -2.43 -5.22 -1.79 -3.75 -2.39 -4.6 -4.06 -3.23 -5.22 -0.54 -8.75 -0.72 -7.19 -6.2 -7.58 1.64 -3.81 -2.68 -3.18 -5.46 -4.42 -2.82 -2.62 -3.42 -6.43 -7.62 -7.03 2.49 -3.94 -0.32 -2.85 -4.77 -1.99 -2.38 -7.63 -4.77 -4.21 -6.12
201402 4.44 4.41 3.15 5.33 5.18 4.54 4.49 5.46 4.7 4.72 6.47 4.15 4.54 5.83 6.28 6.12 5.25 4.99 5.26 5.39 5 5.1 4.93 2.63 2.48 3.88 1.62 3.55 8.34 6.66 3.45 5.53 6.48 7.88 0.87 6.37 2.59 5.68 3.76 8.6 4.1 6.56 4.66 5.71 3.07 2.78 5.52 4.74 5.4 2.11 4.47 5.75 4.84 3.22 2.84
201403 -3.42 0.06 0.44 1.27 1.63 -4.02 0.43 1.03 1.87 2.38 -4.4 0.02 0.32 1.79 1.59 -2.64 1.03 -0.36 2.1 4.01 -0.95 0.19 1.14 4.1 3.5 2.75 4.78 3.59 -5.44 -0.75 1.75 -0.4 -2.56 0.62 -0.06 -2.5 3.86 1.02 0.08 -1.05 -1.22 -0.64 -3 2.51 2.68 0.05 -2.9 1.67 -0.61 2.68 0.39 -1.24 1.73 2.36 5.08
201404 -8.63 -6.9 -4.71 -3.53 -3.78 -7.2 -2.36 -2.31 -2.43 -1.92 -5.15 -2.29 -0.96 -1.84 -2.72 -3.21 -1.02 -0.28 0.87 0.15 0.98 0.36 0.67 2.27 -1.41 1.09 1.56 5.33 -4.02 -2.09 2.96 -3.82 -0.3 0.02 0.48 -2.59 0.6 1.02 -0.76 0.15 1.28 2.94 9.05 5.64 3.97 0.23 -2.96 0.88 0.13 1.11 -0.52 -0.8 -1.23 -3.4 2.87
201405 -3.13 1.04 -1.08 -0.26 -0.37 -0.93 1.17 1.31 0.33 -1.58 1.17 -0.04 2.91 1.79 0.81 3.12 1.78 2.67 1.53 1.45 2.95 2.23 1.77 1.44 1.05 4.08 3.19 3.84 2.8 -1.56 -0.5 2.22 1.89 2.67 2.75 0.42 -1.45 0.6 -0.51 1.74 1.98 -2.17 -7.31 0.96 0 4.06 2.61 4.32 3.21 5.45 3.35 0.22 2.4 1.87 -0.45
201406 6.19 10.12 3.66 3.85 4.01 7.91 6.72 5.58 4.48 5.98 6.2 4.52 4.07 4.58 5.59 4.64 3.12 3.49 4.4 3.98 1.17 1.47 1.99 2.86 3.46 1.59 2.85 -1.11 1.98 8.76 -1.29 0.26 2.86 0.77 7.83 2.02 5.1 5.41 3.51 4.03 -2.05 6.29 3.87 4.16 5.42 1.6 2.43 3.51 1.91 1.25 0.97 0.98 2.53 2.95 -0.33
201407 -9.03 -7.6 -5.26 -5.01 -4.61 -5.41 -5.97 -5.1 -6.29 -6.39 -5.34 -6.53 -5.58 -5.7 -4.11 -2.08 -4.55 -2.67 -3.53 -4.15 -1.47 -1.19 -0.32 -1.32 -1.87 -5.83 -2.92 -3.48 -3.73 -1.59 -2.62 -0.62 -0.33 -3.27 -5.7 -8.78 1.27 -6.34 -6.6 -3.77 -5.68 1.93 -11.2 -3.49 -6.47 0.5 0.51 -0.27 -4.09 -2.04 -2.74 -1.87 -3.11 -1.98 -2.07
201408 3.03 4.99 3.63 3.95 3.23 5.74 4.63 3.83 5.04 5.69 5.93 4.49 5.48 4.27 4.95 5.74 5.36 5.24 3.66 4.56 4.81 4.54 2.91 2.07 4.85 6.38 5.46 5.08 -1.82 2.66 5.87 3.53 5.44 4.39 10.14 6.62 6.66 5.11 3.42 4.26 5.74 1.34 4.18 2.24 5.38 0.5 3.5 5.1 3.38 4.57 4.84 5.71 3.32 3.84 7.19
201409 -6.8 -4.95 -6.87 -5.47 -5.92 -4.62 -4.78 -4.69 -5.66 -9.43 -3.06 -5.47 -6.12 -5.73 -7.52 -2.96 -3.63 -4.32 -4.41 -4.9 -0.41 -0.82 -2.03 -2.81 -0.49 -0.54 0.83 2.15 -4.45 -7.31 0.84 4.44 -0.08 -2.14 -2.38 -6.36 -5.24 -7.01 -4.82 -10.06 -0.96 -10.77 -14.41 -7.97 -3.41 -1.67 -1.18 -1.91 -3.51 0.71 -2.28 -1.51 -0.6 -0.65 0.15
201410 5.9 6.85 5.42 7.64 4.03 8.19 6.77 5.24 7.3 2.86 6.01 6.05 3.7 3.87 4.35 4 0.47 3.14 3.01 0.54 2.47 2.56 1.95 0.05 2.02 1.7 3.28 6.13 0.64 3.3 3.71 1.57 5.77 -1.09 2.08 3.8 2.94 2.5 3.21 1.98 1.18 -9.28 -6.31 -4.47 6.69 1.42 0.41 2.83 6.42 6.22 3.3 3.31 1.28 3.88 1.58
201411 0.26 -0.18 -1.46 -1.76 -2.23 1.01 -0.37 -0.05 -0.44 -1.43 2.91 2.67 -0.52 0.51 -0.61 3.61 3.17 3.19 0.12 -1.53 3.81 3.8 3.34 0.35 0.78 5.68 4.35 0.76 -0.39 1.12 3.23 8.89 2.67 2.2 7.53 1.35 -2.18 -1.19 -0.08 5.26 4.68 -0.88 3.96 -10.04 0.29 3.1 2.13 6.47 4.8 5.88 1.79 8.9 5.57 1.99 4.55
201412 6.04 6.28 5.34 4.16 4.02 1.08 3.65 2.83 2.91 2.57 1.55 1.19 0.25 2.09 -0.19 0.16 1.04 -0.3 0.44 1.45 -1.47 -1.19 0.15 -0.34 2.23 -2.48 -4.3 -3.11 -4.57 1.82 0.02 -0.82 -0.88 0.85 -0.31 -0.09 -5.71 -1.14 -0.9 0.56 -0.59 -6.4 -16.46 0.59 1.84 -1.82 -0.61 -1.87 2.07 1.09 0.25 2.25 -0.44 1.95 0.17
