199201    0.34
199202    0.28
199203    0.34
199204    0.32
199205    0.28
199206    0.32
199207    0.31
199208    0.26
199209    0.26
199210    0.23
199211    0.23
199212    0.28
199301    0.23
199302    0.22
199303    0.25
199304    0.24
199305    0.22
199306    0.25
199307    0.24
199308    0.25
199309    0.26
199310    0.22
199311    0.25
199312    0.23
199401    0.25
199402    0.21
199403    0.27
199404    0.27
199405    0.31
199406    0.31
199407    0.28
199408    0.37
199409    0.37
199410    0.38
199411    0.37
199412    0.44
199501    0.42
199502    0.40
199503    0.46
199504    0.44
199505    0.54
199506    0.47
199507    0.45
199508    0.47
199509    0.43
199510    0.47
199511    0.42
199512    0.49
199601    0.43
199602    0.39
199603    0.39
199604    0.46
199605    0.42
199606    0.40
199607    0.45
199608    0.41
199609    0.44
199610    0.42
199611    0.41
199612    0.46
199701    0.45
199702    0.39
199703    0.43
199704    0.43
199705    0.49
199706    0.37
199707    0.43
199708    0.41
199709    0.44
199710    0.42
199711    0.39
199712    0.48
199801    0.43
199802    0.39
199803    0.39
199804    0.43
199805    0.40
199806    0.41
199807    0.40
199808    0.43
199809    0.46
199810    0.32
199811    0.31
199812    0.38
199901    0.35
199902    0.35
199903    0.43
199904    0.37
199905    0.34
199906    0.40
199907    0.38
199908    0.39
199909    0.39
199910    0.39
199911    0.36
199912    0.44
200001    0.41
200002    0.43
200003    0.47
200004    0.46
200005    0.50
200006    0.40
200007    0.48
200008    0.50
200009    0.51
200010    0.56
200011    0.51
200012    0.50
200101    0.54
200102    0.38
200103    0.42
200104    0.39
200105    0.32
200106    0.28
200107    0.30
200108    0.31
200109    0.28
200110    0.22
200111    0.17
200112    0.15
200201    0.14
200202    0.13
200203    0.13
200204    0.15
200205    0.14
200206    0.13
200207    0.15
200208    0.14
200209    0.14
200210    0.14
200211    0.12
200212    0.11
200301    0.10
200302    0.09
200303    0.10
200304    0.10
200305    0.09
200306    0.10
200307    0.07
200308    0.07
200309    0.08
200310    0.07
200311    0.07
200312    0.08
200401    0.07
200402    0.06
200403    0.09
200404    0.08
200405    0.06
200406    0.08
200407    0.10
200408    0.11
200409    0.11
200410    0.11
200411    0.15
200412    0.16
200501    0.16
200502    0.16
200503    0.21
200504    0.21
200505    0.24
200506    0.23
200507    0.24
200508    0.30
200509    0.29
200510    0.27
200511    0.31
200512    0.32
200601    0.35
200602    0.34
200603    0.37
200604    0.36
200605    0.43
200606    0.40
200607    0.40
200608    0.42
200609    0.41
200610    0.41
200611    0.42
200612    0.40
200701    0.44
200702    0.38
200703    0.43
200704    0.44
200705    0.41
200706    0.40
200707    0.40
200708    0.42
200709    0.32
200710    0.32
200711    0.34
200712    0.27
200801    0.21
200802    0.13
200803    0.17
200804    0.18
200805    0.18
200806    0.17
200807    0.15
200808    0.13
200809    0.15
200810    0.08
200811    0.03
200812    0.00
200901    0.00
200902    0.01
200903    0.02
200904    0.01
200905    0.00
200906    0.01
200907    0.01
200908    0.01
200909    0.01
200910    0.00
200911    0.00
200912    0.01
201001    0.00
201002    0.00
201003    0.01
201004    0.01
201005    0.01
201006    0.01
201007    0.01
201008    0.01
201009    0.01
201010    0.01
201011    0.01
201012    0.01
201101    0.01
201102    0.01
201103    0.01
201104    0.00
201105    0.00
201106    0.00
201107    0.00
201108    0.01
201109    0.00
201110    0.00
201111    0.00
201112    0.00
201201    0.00
201202    0.00
201203    0.00
201204    0.00
201205    0.01
201206    0.00
201207    0.00
201208    0.01
201209    0.01
201210    0.01
201211    0.01
201212    0.01
201301    0.00
201302    0.00
201303    0.00
201304    0.00
201305    0.00
201306    0.00
201307    0.00
201308    0.00
201309    0.00
201310    0.00
201311    0.00
201312    0.00
201401    0.00
201402    0.00
201403    0.00
201404    0.00
201405    0.00
201406    0.00
201407    0.00
201408    0.00
201409    0.00
201410    0.00
201411    0.00
201412    0.00